datekey,customerkey,productkey,regionkey,salesrepkey,warehousekey,invoicenumber,invoicelineno,quantity,listprice,discountamount,netsales,cogs,grossmargin,currency
20250123,1,13,3,13,2,INV399105,4,35.13,148.8,818.98,4408.36,3079.51,1328.85,EUR
20250513,10,7,3,4,1,INV707314,5,3.99,69.58,2.78,274.84,176.73,98.11,EUR
20250627,11,2,1,14,1,INV171849,5,4.33,173.75,60.76,691.58,541.15,150.43,EUR
20250806,16,19,1,10,1,INV539589,5,28.7,70.11,104.94,1907.22,1336.8,570.42,EUR
20241117,16,9,4,3,3,INV776856,3,23.4,186.51,816.77,3547.56,1783.69,1763.87,EUR
20250928,37,4,1,9,1,INV630458,3,7.49,76.31,7.86,563.7,323.16,240.54,EUR
20241018,11,15,3,10,3,INV654634,1,33.73,115.37,725.17,3166.26,1681.52,1484.74,EUR
20240517,17,4,1,12,3,INV262998,3,14.81,50.02,50.8,690.0,487.31,202.69,EUR
20240927,33,16,3,14,1,INV196781,4,41.64,18.38,51.06,714.28,385.17,329.11,EUR
20240925,11,24,4,9,3,INV548462,5,1.47,24.3,6.31,29.41,22.68,6.73,EUR
20250712,3,27,3,10,3,INV255287,4,7.24,68.57,89.26,407.19,300.85,106.34,EUR
20240210,23,7,2,11,1,INV470858,5,44.32,87.21,479.79,3385.36,1849.65,1535.71,EUR
20240830,11,26,2,7,1,INV288073,3,39.34,88.23,465.05,3005.92,2165.82,840.1,EUR
20240911,18,6,1,7,1,INV593554,2,10.78,184.51,139.1,1849.92,1380.34,469.58,EUR
20240821,15,1,2,7,2,INV392136,1,48.38,63.03,391.23,2658.16,1647.8,1010.36,EUR
20250703,22,1,1,5,1,INV708792,3,2.87,123.35,24.48,329.53,242.51,87.02,EUR
20250322,39,17,1,7,3,INV299312,3,3.17,92.85,30.61,263.72,195.67,68.05,EUR
20251204,13,12,4,2,3,INV446239,5,16.38,171.12,403.49,2399.46,1415.91,983.55,EUR
20241112,27,11,4,12,2,INV681343,2,10.4,136.34,107.52,1310.42,949.32,361.1,EUR
20240627,40,19,3,7,3,INV974224,1,15.89,49.93,124.68,668.71,456.06,212.65,EUR
20241125,30,15,4,11,1,INV636004,4,39.89,192.37,1129.5,6544.14,4565.55,1978.59,EUR
20241017,33,22,3,2,1,INV805477,3,12.01,47.83,2.81,571.63,327.8,243.83,EUR
20250501,40,28,1,8,2,INV760356,5,10.53,142.31,148.17,1350.35,774.01,576.34,EUR
20251102,1,29,1,13,2,INV329471,2,40.4,142.22,533.83,5211.86,3477.47,1734.39,EUR
20240504,30,5,4,11,3,INV686075,5,16.55,153.5,224.86,2315.57,1723.95,591.62,EUR
20250531,28,27,4,3,3,INV597732,4,13.7,56.98,99.56,681.07,497.01,184.06,EUR
20250617,32,21,2,5,2,INV181247,3,12.49,73.81,164.65,757.24,396.92,360.32,EUR
20240603,15,13,2,12,1,INV167348,4,20.97,113.1,197.22,2174.49,1222.17,952.32,EUR
20250306,25,29,1,14,3,INV498858,4,1.29,76.83,14.94,84.17,63.64,20.53,EUR
20250305,35,24,2,8,1,INV386193,4,24.8,83.88,278.28,1801.94,1332.43,469.51,EUR
20240618,30,30,2,10,3,INV128276,4,30.0,135.97,68.49,4010.61,2521.0,1489.61,EUR
20250417,12,2,3,7,2,INV321941,4,17.02,154.63,199.56,2432.24,1764.84,667.4,EUR
20250307,17,27,1,8,1,INV885408,5,3.55,190.86,30.38,647.17,336.91,310.26,EUR
20251029,3,25,1,4,1,INV979995,1,31.45,55.32,164.78,1575.03,841.57,733.46,EUR
20240811,30,23,3,13,2,INV275939,5,30.76,152.11,107.18,4571.72,3409.54,1162.18,EUR
20241114,7,19,1,5,3,INV810250,4,20.44,145.85,45.31,2935.86,2076.19,859.67,EUR
20251004,16,4,3,14,3,INV729577,1,40.02,117.53,38.63,4664.92,3078.02,1586.9,EUR
20251108,24,3,3,1,2,INV962276,4,6.17,192.55,151.02,1037.01,776.32,260.69,EUR
20251225,10,14,2,12,3,INV782054,3,31.18,184.73,892.37,4867.51,3112.59,1754.92,EUR
20250829,18,11,2,14,1,INV392477,4,12.95,98.29,155.37,1117.49,685.8,431.69,EUR
20240130,32,28,3,3,2,INV322423,3,40.09,74.66,526.98,2466.14,1751.84,714.3,EUR
20241009,36,1,2,2,1,INV855053,4,24.94,154.05,530.67,3311.34,2297.31,1014.03,EUR
20250517,29,26,1,2,2,INV332360,4,34.9,68.18,276.76,2102.72,1349.9,752.82,EUR
20250627,23,14,3,6,3,INV575786,3,16.02,53.8,124.33,737.55,438.59,298.96,EUR
20250702,12,7,2,12,2,INV389930,5,48.85,109.68,303.25,5054.62,2679.75,2374.87,EUR
20240717,19,8,3,3,2,INV114835,5,7.2,18.65,1.46,132.82,78.05,54.77,EUR
20240509,32,4,1,10,2,INV592198,4,22.58,45.03,10.45,1006.33,787.27,219.06,EUR
20250504,8,27,1,7,2,INV177680,5,31.84,20.19,19.18,623.67,417.14,206.53,EUR
20241107,6,8,1,9,2,INV735770,5,39.75,52.88,219.69,1882.29,1195.54,686.75,EUR
20250329,20,28,4,5,3,INV751194,1,30.87,150.62,881.19,3768.45,2119.14,1649.31,EUR
20240804,17,22,1,3,1,INV282256,5,4.68,10.51,4.43,44.76,30.35,14.41,EUR
20241025,3,8,3,12,2,INV837135,4,4.49,54.35,12.91,231.12,170.42,60.7,EUR
20250826,13,14,1,9,1,INV779094,2,45.51,167.06,108.58,7494.32,4120.2,3374.12,EUR
20241110,39,24,3,8,1,INV591465,3,35.29,189.11,668.0,6005.69,3892.52,2113.17,EUR
20240323,39,2,4,12,2,INV733039,3,2.27,53.5,16.38,105.07,79.66,25.41,EUR
20250824,2,25,3,10,1,INV900177,2,24.05,133.79,589.52,2628.13,1457.16,1170.97,EUR
20250822,28,21,4,2,2,INV464863,4,17.33,137.33,408.27,1971.66,1180.91,790.75,EUR
20251211,32,10,4,14,3,INV138479,4,5.31,57.96,7.14,300.63,219.99,80.64,EUR
20250610,1,22,4,7,1,INV296694,5,18.73,153.72,360.13,2519.05,1833.86,685.19,EUR
20240727,18,18,2,5,2,INV832168,4,6.95,194.9,164.95,1189.61,680.21,509.4,EUR
20240611,20,18,1,9,2,INV197736,2,49.62,183.46,840.14,8263.15,4422.77,3840.38,EUR
20240606,32,30,3,9,3,INV386706,4,41.9,196.25,400.83,7822.05,5204.63,2617.42,EUR
20250127,13,30,2,14,1,INV389666,4,17.65,159.67,150.59,2667.59,1335.85,1331.74,EUR
20241101,38,19,4,14,1,INV568238,5,24.73,73.16,276.04,1533.21,940.11,593.1,EUR
20241125,13,23,2,10,2,INV344907,4,3.14,151.49,67.09,408.59,303.76,104.83,EUR
20250130,10,16,1,3,3,INV718849,3,43.62,176.1,676.44,7005.04,4607.81,2397.23,EUR
20250412,1,24,2,7,3,INV261859,1,24.01,194.15,315.64,4345.9,3076.08,1269.82,EUR
20251027,6,28,3,14,3,INV659543,4,47.75,129.09,1094.04,5070.01,3277.17,1792.84,EUR
20250708,3,20,1,4,3,INV817644,3,49.87,151.89,657.45,6917.3,3662.94,3254.36,EUR
20251010,7,15,2,12,2,INV130353,1,16.89,20.66,25.02,323.93,203.82,120.11,EUR
20240907,34,14,2,3,1,INV182804,5,43.67,127.74,268.69,5309.72,4108.92,1200.8,EUR
20240526,15,15,3,8,2,INV799233,1,45.05,98.4,255.01,4177.91,2774.05,1403.86,EUR
20240316,29,12,3,11,2,INV823846,3,23.38,67.4,314.96,1260.85,953.2,307.65,EUR
20240419,16,13,3,10,2,INV833247,3,2.08,167.71,27.61,321.23,161.4,159.83,EUR
20251203,4,30,4,14,2,INV913423,2,30.75,76.94,301.24,2064.66,1416.91,647.75,EUR
20251125,9,21,1,11,3,INV141337,3,39.64,16.34,47.27,600.45,323.9,276.55,EUR
20241029,21,24,4,3,1,INV238579,5,43.95,79.51,350.7,3143.76,1828.91,1314.85,EUR
20240617,17,30,4,13,2,INV882824,3,40.41,98.98,60.24,3939.54,2861.07,1078.47,EUR
20240819,26,28,3,2,2,INV114594,3,27.29,96.41,354.05,2276.98,1597.76,679.22,EUR
20250821,25,27,3,2,3,INV345180,4,2.23,178.0,44.57,352.37,272.94,79.43,EUR
20240814,5,21,4,12,2,INV780776,4,6.72,18.62,0.93,124.2,99.21,24.99,EUR
20240428,7,8,2,7,2,INV489033,5,21.54,151.03,100.54,3152.65,1968.72,1183.93,EUR
20240411,32,20,4,5,1,INV823811,3,11.65,94.49,51.98,1048.83,638.53,410.3,EUR
20251203,24,18,3,1,2,INV389282,2,48.44,190.31,1519.58,7699.04,4061.26,3637.78,EUR
20240805,39,1,1,13,2,INV355400,2,39.56,48.99,321.64,1616.4,1076.95,539.45,EUR
20250823,14,27,2,6,1,INV926952,5,1.14,173.1,5.71,191.62,103.28,88.34,EUR
20240913,12,4,1,3,1,INV475644,2,29.85,13.0,20.6,367.45,197.7,169.75,EUR
20250307,34,4,1,8,2,INV915809,3,26.15,30.72,80.95,722.38,566.07,156.31,EUR
20240214,34,10,4,11,1,INV163780,4,42.52,90.99,83.54,3785.35,2701.68,1083.67,EUR
20250330,5,29,1,6,3,INV255539,1,7.18,128.62,108.12,815.37,581.89,233.48,EUR
20250125,39,17,3,8,3,INV734836,4,5.86,143.34,143.26,696.71,484.41,212.3,EUR
20250718,14,14,4,4,2,INV455395,4,20.54,148.63,190.83,2862.03,1699.35,1162.68,EUR
20240918,24,5,4,2,1,INV972176,1,5.57,28.35,23.33,134.58,100.06,34.52,EUR
20250723,4,19,3,11,1,INV530764,3,43.81,188.81,699.69,7572.08,5866.49,1705.59,EUR
20240222,19,20,3,6,1,INV705991,5,11.42,134.78,69.03,1470.16,782.81,687.35,EUR
20250723,24,4,3,10,1,INV946432,4,42.41,195.16,1354.78,6921.96,4735.12,2186.84,EUR
20251020,36,1,3,1,1,INV386544,3,46.16,76.69,128.44,3411.57,1852.4,1559.17,EUR
20251104,26,3,2,12,3,INV132146,1,37.56,50.88,160.46,1750.59,1054.33,696.26,EUR
20250113,20,24,3,13,3,INV725185,1,44.28,39.56,264.31,1487.41,765.91,721.5,EUR
20240324,18,15,4,8,3,INV563516,4,14.39,153.44,50.26,2157.74,1357.16,800.58,EUR
20241017,38,16,3,1,1,INV514463,5,3.68,48.84,33.98,145.75,106.43,39.32,EUR
20240918,19,11,1,1,2,INV883301,4,9.61,82.24,111.23,679.1,441.47,237.63,EUR
20251115,23,3,4,14,3,INV144357,4,1.92,185.02,61.25,293.99,197.78,96.21,EUR
20250810,26,23,4,5,1,INV524707,1,48.34,42.66,390.83,1671.35,1066.37,604.98,EUR
20251207,24,3,4,14,1,INV355135,4,29.85,109.55,258.84,3011.23,1785.91,1225.32,EUR
20241213,15,11,2,2,3,INV763984,1,27.0,46.84,196.34,1068.34,646.7,421.64,EUR
20251022,10,8,1,3,2,INV306854,2,30.52,154.44,617.95,4095.56,2265.43,1830.13,EUR
20251005,32,15,4,11,3,INV774225,5,16.84,194.48,207.07,3067.97,1938.74,1129.23,EUR
20250425,29,21,3,13,2,INV720148,1,18.25,24.1,40.62,399.21,204.11,195.1,EUR
20250112,19,3,1,10,3,INV631699,4,23.67,115.32,432.27,2297.35,1766.12,531.23,EUR
20250405,37,21,2,6,3,INV598733,5,8.39,21.76,3.78,178.79,137.62,41.17,EUR
20241217,6,17,2,1,1,INV841995,4,49.56,109.57,662.28,4768.01,2904.53,1863.48,EUR
20241016,25,14,3,11,3,INV154909,3,4.23,27.96,16.05,102.22,59.82,42.4,EUR
20251103,39,28,2,6,1,INV711046,2,45.92,68.94,415.38,2750.34,1921.5,828.84,EUR
20240512,39,23,1,5,3,INV494976,3,40.85,137.32,930.01,4679.51,3376.89,1302.62,EUR
20251202,34,3,4,9,2,INV119116,3,16.13,190.72,210.26,2866.05,2091.78,774.27,EUR
20240715,15,5,2,2,2,INV985447,1,25.88,112.56,430.34,2482.71,1633.52,849.19,EUR
20251108,22,29,2,10,2,INV261745,2,9.86,141.64,174.5,1222.07,941.97,280.1,EUR
20250324,3,14,3,11,3,INV349068,4,30.92,152.95,741.35,3987.86,2273.88,1713.98,EUR
20240901,20,26,4,14,1,INV485709,5,49.24,97.72,271.16,4540.57,2790.46,1750.11,EUR
20250624,27,6,2,13,3,INV245121,3,3.56,101.31,26.78,333.88,260.52,73.36,EUR
20251229,34,28,1,5,1,INV900185,2,14.37,182.01,77.08,2538.4,1602.34,936.06,EUR
20240815,29,29,3,1,2,INV155843,4,25.6,54.8,279.04,1123.84,688.32,435.52,EUR
20240129,21,30,1,14,3,INV781533,3,39.78,36.14,82.49,1355.16,1014.92,340.24,EUR
20251213,9,25,4,8,3,INV105506,1,1.93,50.97,2.94,95.43,74.63,20.8,EUR
20250915,34,14,1,13,2,INV349183,3,6.97,55.3,49.26,336.18,230.9,105.28,EUR
20240305,8,27,4,10,3,INV117233,5,29.18,146.52,249.06,4026.39,2015.08,2011.31,EUR
20241227,16,19,4,3,3,INV800674,1,26.65,78.51,398.96,1693.33,1123.06,570.27,EUR
20250603,36,1,4,14,2,INV145649,4,49.07,58.19,9.28,2846.1,2096.31,749.79,EUR
20241219,16,24,1,13,3,INV870899,3,7.54,76.94,39.28,540.85,374.72,166.13,EUR
20251202,30,23,4,11,1,INV950916,2,4.09,157.48,58.96,585.13,344.08,241.05,EUR
20240214,13,29,1,6,2,INV640418,4,49.47,113.18,283.66,5315.35,3858.88,1456.47,EUR
20240714,19,12,1,14,3,INV448048,3,7.1,79.92,100.94,466.49,337.27,129.22,EUR
20250130,22,6,4,12,2,INV485191,5,14.07,25.7,30.7,330.9,208.2,122.7,EUR
20240703,35,10,3,2,1,INV443848,3,16.02,124.5,169.98,1824.51,1289.8,534.71,EUR
20241225,29,2,3,10,2,INV387892,1,4.68,131.13,44.59,569.1,421.32,147.78,EUR
20251126,11,1,2,14,3,INV811027,4,2.71,22.77,9.61,52.1,31.78,20.32,EUR
20250127,37,2,2,11,2,INV488984,3,22.75,24.61,15.42,544.46,332.17,212.29,EUR
20241117,18,8,1,1,3,INV295085,4,26.37,183.57,114.01,4726.73,3462.28,1264.45,EUR
20251221,29,7,3,12,2,INV309902,1,7.65,24.07,6.36,177.78,126.94,50.84,EUR
20240330,21,22,3,12,1,INV676713,5,15.23,66.99,32.14,988.12,704.4,283.72,EUR
20251218,12,26,3,9,1,INV227257,2,39.81,54.98,216.26,1972.49,1199.8,772.69,EUR
20250809,24,15,2,10,1,INV168941,3,20.51,146.22,287.1,2711.87,1690.14,1021.73,EUR
20250223,37,3,2,6,3,INV177767,4,23.83,108.3,66.24,2514.55,1882.68,631.87,EUR
20250718,38,6,2,7,3,INV158104,1,26.39,67.78,57.94,1730.77,1350.73,380.04,EUR
20240818,23,17,3,14,1,INV362778,2,32.12,114.66,92.2,3590.68,2121.54,1469.14,EUR
20250630,6,17,2,10,3,INV261684,2,33.28,146.92,591.77,4297.73,3235.15,1062.58,EUR
20250731,3,27,1,2,1,INV772612,5,13.97,50.05,80.01,619.19,424.41,194.78,EUR
20240201,32,29,3,11,2,INV606404,2,40.43,140.15,337.07,5329.19,2781.26,2547.93,EUR
20240302,11,15,4,8,2,INV313933,3,30.73,69.39,306.36,1825.99,1315.19,510.8,EUR
20241219,26,5,3,9,3,INV211341,3,12.85,33.28,38.45,389.2,211.05,178.15,EUR
20240221,19,13,4,4,1,INV952993,3,46.75,147.01,260.94,6611.78,3621.95,2989.83,EUR
20250611,30,16,3,8,1,INV194423,4,25.77,193.67,214.75,4776.13,2893.71,1882.42,EUR
20240221,19,16,4,5,3,INV108574,1,22.12,177.67,571.83,3358.23,2448.68,909.55,EUR
20250109,3,13,1,10,3,INV304110,3,28.11,23.97,67.95,605.85,441.86,163.99,EUR
20241013,40,22,1,3,1,INV513037,3,39.95,74.43,558.39,2415.09,1754.54,660.55,EUR
20240722,39,17,4,9,1,INV147504,1,7.71,73.28,53.53,511.46,325.85,185.61,EUR
20250912,33,5,3,10,2,INV270395,4,49.54,150.47,446.12,7008.16,4211.29,2796.87,EUR
20250605,35,16,3,8,1,INV486251,3,34.02,196.18,779.13,5894.91,4356.49,1538.42,EUR
20251205,2,20,4,5,3,INV920934,5,29.3,147.07,502.9,3806.25,2097.83,1708.42,EUR
20251006,40,25,4,3,3,INV353961,1,29.06,143.1,158.67,3999.82,2529.13,1470.69,EUR
20250304,10,14,2,7,3,INV912617,5,46.11,175.84,1193.23,6914.75,3586.57,3328.18,EUR
20240521,34,7,3,11,2,INV651002,4,16.37,42.9,128.11,574.16,346.05,228.11,EUR
20241228,17,20,4,4,1,INV392559,5,15.63,188.88,579.96,2372.23,1734.94,637.29,EUR
20251222,14,23,4,6,2,INV465746,5,46.75,161.13,411.98,7120.85,3820.78,3300.07,EUR
20251123,35,13,4,14,2,INV910616,2,15.23,64.65,140.63,843.99,509.69,334.3,EUR
20250328,17,24,4,4,1,INV968170,5,14.29,116.78,90.66,1578.13,840.78,737.35,EUR
20250823,16,8,1,11,3,INV336633,2,3.57,88.53,45.34,270.71,143.52,127.19,EUR
20240520,1,18,2,7,3,INV598807,4,32.88,153.62,290.18,4760.85,2788.07,1972.78,EUR
20240301,6,21,2,9,3,INV858243,1,45.75,43.26,349.22,1629.92,900.92,729.0,EUR
20240207,26,26,4,3,3,INV403528,1,1.45,117.91,3.67,167.3,132.99,34.31,EUR
20241018,30,21,4,3,3,INV590755,3,10.45,31.4,10.66,317.47,202.44,115.03,EUR
20240920,12,1,3,13,2,INV695361,2,9.6,172.67,297.39,1360.24,1017.59,342.65,EUR
20250611,21,3,4,11,1,INV293757,2,24.4,187.81,6.26,4576.3,2814.76,1761.54,EUR
20250402,18,11,3,10,3,INV700705,1,13.82,78.31,51.15,1031.09,722.11,308.98,EUR
20250421,20,6,4,11,3,INV837733,3,34.82,131.36,860.49,3713.47,2266.19,1447.28,EUR
20240814,15,5,4,3,2,INV884056,5,19.31,143.37,505.41,2263.06,1645.71,617.35,EUR
20251111,14,25,2,11,3,INV925618,1,26.75,110.35,213.59,2738.27,2122.63,615.64,EUR
20240424,4,27,2,10,3,INV257131,2,17.08,108.86,43.23,1816.1,1019.96,796.14,EUR
20250820,32,3,4,13,1,INV575458,2,26.15,96.79,29.23,2501.83,1597.95,903.88,EUR
20241111,2,13,3,14,1,INV882032,2,29.34,18.61,37.62,508.4,263.92,244.48,EUR
20240302,5,30,4,1,2,INV528728,2,38.68,155.51,1176.96,4838.17,3356.55,1481.62,EUR
20250306,24,29,4,8,2,INV493892,1,34.45,135.74,504.38,4171.86,2903.87,1267.99,EUR
20241222,8,6,4,9,1,INV863214,2,41.91,153.67,1260.36,5179.95,3309.48,1870.47,EUR
20250711,28,18,4,14,1,INV359535,4,17.96,62.37,210.01,910.16,653.05,257.11,EUR
20240425,3,26,4,10,1,INV352356,2,4.3,122.85,47.17,481.08,337.53,143.55,EUR
20240219,16,24,1,7,2,INV345722,5,11.65,174.11,22.9,2005.48,1305.91,699.57,EUR
20241023,15,27,3,10,3,INV910065,3,12.61,176.49,438.74,1786.8,1172.81,613.99,EUR
20250227,20,9,1,9,3,INV870925,2,31.67,91.17,286.21,2601.14,2059.29,541.85,EUR
20251020,25,26,3,12,2,INV528090,2,15.69,44.94,75.86,629.25,360.11,269.14,EUR
20240818,20,28,2,13,2,INV160423,5,21.22,89.14,200.5,1691.05,1042.58,648.47,EUR
20240918,14,11,1,8,2,INV196955,5,36.5,46.19,90.52,1595.41,1120.14,475.27,EUR
20250909,3,28,1,4,3,INV859489,5,11.63,49.69,104.83,473.06,279.56,193.5,EUR
20240116,14,30,2,12,1,INV883159,4,45.81,142.17,916.7,5596.11,3463.93,2132.18,EUR
20240902,36,11,3,7,2,INV659572,3,16.11,78.33,222.8,1039.1,664.82,374.28,EUR
20250425,21,30,2,6,2,INV534037,1,28.56,52.04,43.38,1442.88,834.32,608.56,EUR
20250821,38,24,4,5,1,INV305721,3,12.27,118.26,71.31,1379.74,917.79,461.95,EUR
20251202,22,9,4,12,3,INV875520,4,23.58,149.23,247.85,3270.99,1772.84,1498.15,EUR
20250713,32,6,1,9,1,INV979827,1,47.31,136.96,990.52,5489.06,3423.62,2065.44,EUR
20251007,15,3,2,1,1,INV630299,4,19.29,127.39,327.69,2129.66,1458.72,670.94,EUR
20250509,32,1,1,9,3,INV531319,1,1.82,147.22,28.71,239.23,140.19,99.04,EUR
20250529,28,26,2,2,1,INV649857,2,12.81,127.76,82.62,1553.99,942.23,611.76,EUR
20250210,6,12,4,8,3,INV355021,2,15.7,167.33,42.36,2584.72,2061.32,523.4,EUR
20251027,3,3,4,7,2,INV679549,4,3.75,11.8,1.52,42.73,27.77,14.96,EUR
20250320,22,19,1,9,1,INV340927,2,45.16,141.53,724.52,5666.97,3294.37,2372.6,EUR
20240317,18,29,1,3,2,INV116418,2,29.76,152.93,648.74,3902.46,2417.53,1484.93,EUR
20240319,20,6,2,10,2,INV809922,5,17.25,153.57,74.15,2574.93,2051.04,523.89,EUR
20240321,33,24,3,1,1,INV558320,2,42.1,74.71,483.75,2661.54,2093.19,568.35,EUR
20250210,21,1,3,13,2,INV614435,2,18.43,188.82,300.56,3179.39,2238.0,941.39,EUR
20251107,25,3,3,13,1,INV847748,1,5.02,39.3,28.08,169.21,116.78,52.43,EUR
20250202,21,12,1,2,1,INV423241,4,18.64,61.26,30.26,1111.63,618.31,493.32,EUR
20250404,36,18,4,2,1,INV193972,3,28.16,123.42,545.26,2930.25,2224.4,705.85,EUR
20240113,19,14,4,13,1,INV860053,5,45.36,195.85,1016.23,7867.53,4334.02,3533.51,EUR
20250124,11,5,3,5,2,INV617077,2,4.1,92.59,31.97,347.65,224.33,123.32,EUR
20240319,24,9,2,12,3,INV619886,5,31.22,96.99,82.05,2945.98,1478.97,1467.01,EUR
20250209,22,27,4,13,2,INV561607,3,22.1,166.47,479.03,3199.96,2170.59,1029.37,EUR
20241103,21,20,2,8,2,INV286266,4,48.47,65.38,440.46,2728.51,1766.17,962.34,EUR
20250812,16,11,4,5,2,INV482746,1,46.67,47.96,446.43,1791.86,992.65,799.21,EUR
20250717,2,24,4,12,1,INV559753,3,41.73,23.14,163.73,801.9,592.21,209.69,EUR
20251120,32,5,3,4,2,INV790658,2,36.05,159.92,85.28,5679.84,4528.03,1151.81,EUR
20250505,38,13,4,9,1,INV929130,3,35.38,164.34,690.54,5123.81,3967.47,1156.34,EUR
20240421,16,22,3,3,3,INV742439,1,28.6,132.56,490.39,3300.83,2607.8,693.03,EUR
20241205,28,4,1,2,2,INV332785,5,37.6,116.02,599.97,3762.38,2130.67,1631.71,EUR
20250118,26,15,2,6,1,INV606222,1,15.48,184.9,49.15,2813.1,2108.12,704.98,EUR
20240525,23,10,3,8,1,INV646428,4,18.07,28.55,74.5,441.4,280.61,160.79,EUR
20240309,20,2,1,1,2,INV779445,1,34.18,41.23,277.31,1131.93,648.79,483.14,EUR
20240627,36,6,3,9,2,INV584498,2,40.09,129.65,193.76,5003.91,3488.69,1515.22,EUR
20250209,2,24,2,8,3,INV550418,4,1.22,50.81,3.45,58.54,41.63,16.91,EUR
20240305,37,4,2,6,2,INV306647,4,6.58,137.43,88.53,815.76,644.27,171.49,EUR
20241116,39,13,4,10,1,INV464825,3,42.43,127.3,879.06,4522.28,3218.94,1303.34,EUR
20241031,40,19,1,11,1,INV428399,1,12.69,32.22,30.53,378.34,205.21,173.13,EUR
20250201,27,20,2,10,2,INV543588,2,24.85,112.1,512.1,2273.59,1771.6,501.99,EUR
20240626,36,6,4,5,1,INV296187,3,42.26,127.69,934.1,4462.08,3505.2,956.88,EUR
20250511,9,7,4,9,3,INV784793,4,21.05,103.43,309.22,1867.98,1182.72,685.26,EUR
20240620,6,19,1,13,1,INV406278,1,14.47,112.15,54.59,1568.22,999.26,568.96,EUR
20250522,36,17,1,10,1,INV380901,5,41.34,79.7,542.07,2752.73,1410.73,1342.0,EUR
20250327,35,7,4,2,3,INV970392,2,15.59,199.87,280.27,2835.7,1714.39,1121.31,EUR
20240330,29,28,1,13,1,INV320073,5,34.77,173.6,736.72,5299.35,3330.38,1968.97,EUR
20250922,9,26,2,14,1,INV944565,1,28.93,111.13,383.78,2831.21,1558.62,1272.59,EUR
20251221,19,10,3,14,3,INV812296,1,7.64,152.52,95.92,1069.33,553.68,515.65,EUR
20241010,9,23,2,4,1,INV845951,3,41.6,154.68,870.27,5564.42,3599.28,1965.14,EUR
20250814,18,21,4,7,2,INV179184,1,20.74,152.46,439.33,2722.69,2077.94,644.75,EUR
20250410,32,11,1,14,3,INV197666,4,32.11,142.48,777.85,3797.18,2804.99,992.19,EUR
20250211,14,14,2,8,2,INV438548,3,17.55,119.81,238.08,1864.59,1203.78,660.81,EUR
20241217,4,2,1,11,2,INV117072,1,46.54,40.02,170.06,1692.47,1349.83,342.64,EUR
20250314,13,23,2,11,2,INV266699,3,5.57,78.48,7.21,429.92,300.67,129.25,EUR
20251026,11,2,4,11,2,INV861253,2,22.03,27.33,11.46,590.62,333.13,257.49,EUR
20240320,9,19,2,9,3,INV566686,1,1.4,75.28,2.54,102.85,77.97,24.88,EUR
20251211,9,16,1,4,2,INV193670,1,6.06,79.84,28.96,454.87,279.66,175.21,EUR
20240516,10,3,1,10,3,INV272088,4,18.21,50.48,137.57,781.67,606.55,175.12,EUR
20250922,29,28,2,2,1,INV246814,1,29.89,82.97,477.77,2002.2,1190.01,812.19,EUR
20240523,16,9,1,4,3,INV730193,5,36.34,64.13,438.73,1891.75,961.1,930.65,EUR
20251105,20,7,2,12,2,INV409898,1,39.41,160.82,303.38,6034.54,3715.86,2318.68,EUR
20240903,32,21,1,9,1,INV478638,3,7.47,173.55,147.37,1149.05,700.49,448.56,EUR
20251130,12,25,4,13,1,INV117500,5,4.31,59.82,2.05,255.77,132.52,123.25,EUR
20250211,33,10,4,7,3,INV521818,1,32.39,112.15,110.92,3521.62,1849.13,1672.49,EUR
20240321,33,30,2,13,1,INV662445,3,20.15,130.52,438.96,2191.02,1543.17,647.85,EUR
20240308,20,23,4,12,1,INV160718,2,5.22,92.55,43.81,439.3,299.89,139.41,EUR
20241112,12,4,1,12,1,INV835575,1,9.03,191.07,180.47,1544.89,1135.33,409.56,EUR
20240922,11,12,2,12,2,INV868538,1,38.8,15.58,97.58,506.92,294.82,212.1,EUR
20240306,17,23,1,8,2,INV635593,3,3.72,173.28,21.51,623.09,340.95,282.14,EUR
20240415,37,22,1,4,3,INV633541,1,3.16,173.96,26.89,522.82,335.4,187.42,EUR
20250127,10,6,1,9,3,INV876644,4,12.0,57.17,125.66,560.38,333.98,226.4,EUR
20240320,37,12,1,9,3,INV155230,2,11.94,108.0,11.85,1277.67,792.51,485.16,EUR
20250421,19,25,3,6,1,INV679958,4,1.39,48.13,7.54,59.36,35.09,24.27,EUR
20250929,16,15,3,10,2,INV910143,2,36.89,113.85,668.61,3531.32,1925.17,1606.15,EUR
20250223,2,8,3,11,3,INV110060,3,1.07,134.89,24.51,119.82,86.05,33.77,EUR
20240416,14,17,2,7,2,INV162804,2,35.87,27.68,182.94,809.94,622.99,186.95,EUR
20250616,27,23,3,8,3,INV189026,5,5.68,35.37,32.95,167.95,87.75,80.2,EUR
20250804,4,14,2,4,2,INV373668,3,46.38,84.66,653.3,3273.23,1956.98,1316.25,EUR
20250408,18,8,1,4,1,INV917823,5,6.34,30.07,17.14,173.5,103.1,70.4,EUR
20240503,35,12,2,8,2,INV585854,3,42.77,27.18,187.76,974.73,576.32,398.41,EUR
20251222,39,2,2,14,2,INV255528,1,35.85,194.0,551.17,6403.73,3295.9,3107.83,EUR
20241102,17,27,2,1,2,INV996114,4,28.24,114.52,61.27,3172.77,1683.38,1489.39,EUR
20240523,8,1,1,14,1,INV237064,2,41.36,80.73,420.91,2918.08,2023.41,894.67,EUR
20250819,38,9,1,1,1,INV307356,4,40.66,27.48,189.34,928.0,689.19,238.81,EUR
20240505,3,15,1,3,3,INV554197,4,25.31,82.72,178.66,1914.98,1160.83,754.15,EUR
20240710,18,9,4,3,1,INV743937,5,31.23,132.98,414.38,3738.59,2859.4,879.19,EUR
20250505,4,3,3,7,1,INV539599,2,32.49,161.47,261.41,4984.75,3978.96,1005.79,EUR
20250710,2,13,3,8,3,INV919394,4,17.86,117.47,134.95,1963.06,1140.79,822.27,EUR
20240127,21,20,2,1,2,INV161437,4,26.94,155.7,838.58,3355.98,2658.59,697.39,EUR
20240412,16,22,2,5,3,INV955937,1,38.44,190.08,841.28,6465.4,5138.7,1326.7,EUR
20250201,23,30,2,3,1,INV721301,3,40.5,142.55,1055.33,4717.95,2398.9,2319.05,EUR
20251218,23,19,2,10,1,INV977340,4,27.56,43.36,9.07,1185.93,612.95,572.98,EUR
20250908,15,1,4,1,2,INV743966,2,40.52,74.74,107.49,2920.97,2163.64,757.33,EUR
20241127,4,1,2,10,3,INV248533,1,42.48,173.53,1416.16,5955.39,3645.16,2310.23,EUR
20251109,26,19,1,6,2,INV438273,2,48.82,149.15,636.21,6645.29,4597.08,2048.21,EUR
20250513,21,6,3,4,3,INV717558,2,19.54,149.46,172.02,2748.43,1520.74,1227.69,EUR
20240102,37,13,1,3,3,INV433674,5,11.82,117.45,260.07,1128.19,611.7,516.49,EUR
20240320,16,12,3,3,3,INV193035,3,22.88,60.39,68.96,1312.76,683.08,629.68,EUR
20240919,7,24,1,1,2,INV559507,4,48.49,178.06,851.47,7782.66,4775.55,3007.11,EUR
20250713,25,4,4,13,3,INV782591,2,8.97,24.0,36.42,178.86,105.25,73.61,EUR
20241122,17,4,1,6,1,INV493696,2,36.87,113.94,754.6,3446.37,1819.45,1626.92,EUR
20250831,40,29,4,12,1,INV552275,2,30.76,92.5,30.48,2814.82,1687.0,1127.82,EUR
20240713,27,23,3,11,2,INV411847,2,5.7,84.65,53.04,429.47,277.99,151.48,EUR
20240225,24,1,4,2,2,INV963918,5,24.54,28.43,28.88,668.79,462.44,206.35,EUR
20240324,31,28,1,5,2,INV593821,4,44.85,60.35,347.47,2359.23,1453.89,905.34,EUR
20250114,25,12,2,8,1,INV376085,4,23.79,52.99,67.71,1192.92,618.52,574.4,EUR
20251214,7,3,3,13,3,INV534096,5,12.15,21.59,20.31,242.01,158.95,83.06,EUR
20250702,31,19,2,8,2,INV182790,4,45.24,145.72,662.01,5930.36,4567.19,1363.17,EUR
20250808,40,5,1,13,2,INV281276,2,48.64,163.61,200.84,7757.15,4863.83,2893.32,EUR
20251130,28,7,2,14,3,INV370413,3,45.63,183.69,112.34,8269.43,5097.52,3171.91,EUR
20250210,36,11,3,9,2,INV112964,5,29.79,158.52,106.27,4616.04,2515.25,2100.79,EUR
20250803,38,19,1,2,3,INV917411,1,39.5,174.82,1215.54,5689.85,4343.45,1346.4,EUR
20240927,25,21,4,10,3,INV596025,1,9.44,86.57,101.05,716.17,504.36,211.81,EUR
20250215,3,13,3,12,1,INV151685,4,46.12,180.44,33.68,8288.21,6176.5,2111.71,EUR
20241106,20,9,4,14,3,INV818119,1,48.65,53.31,155.86,2437.67,1762.72,674.95,EUR
20241124,18,24,4,10,3,INV193624,2,22.64,183.55,338.41,3817.16,2463.36,1353.8,EUR
20250612,24,27,1,9,1,INV168804,3,35.77,86.64,483.78,2615.33,1719.02,896.31,EUR
20250805,2,6,2,14,1,INV977633,1,13.23,96.73,234.97,1044.77,743.24,301.53,EUR
20241007,24,27,4,9,2,INV766275,1,34.38,55.97,188.11,1736.14,1100.42,635.72,EUR
20250430,38,18,3,6,1,INV978343,3,37.7,140.88,302.81,5008.37,3085.0,1923.37,EUR
20240615,37,25,2,14,1,INV778827,2,34.21,61.13,171.28,1919.98,971.54,948.44,EUR
20251129,1,16,2,11,1,INV730343,1,11.96,125.59,283.29,1218.77,869.99,348.78,EUR
20251227,18,14,4,14,2,INV581294,3,11.69,67.41,82.05,705.97,485.06,220.91,EUR
20250821,7,1,3,9,3,INV722615,5,14.85,140.04,200.36,1879.23,1129.2,750.03,EUR
20241010,21,28,3,5,3,INV845635,3,10.23,108.29,53.24,1054.57,545.25,509.32,EUR
20250906,26,22,3,11,1,INV856320,1,33.11,199.52,342.76,6263.35,3918.16,2345.19,EUR
20250201,3,19,2,6,3,INV848021,2,34.63,131.28,432.56,4113.67,3217.71,895.96,EUR
20250102,33,10,2,14,3,INV685365,2,15.4,99.45,226.95,1304.58,936.11,368.47,EUR
20250726,12,22,3,11,1,INV333049,3,11.94,175.57,176.29,1920.02,1470.84,449.18,EUR
20250115,17,19,3,8,1,INV593393,1,43.45,120.88,991.94,4260.3,2221.17,2039.13,EUR
20240718,33,4,4,9,2,INV533174,1,43.67,38.65,334.99,1352.86,815.51,537.35,EUR
20250806,30,5,3,14,3,INV289117,1,24.89,129.9,114.34,3118.87,2153.11,965.76,EUR
20240105,29,9,2,13,1,INV704272,2,24.99,155.08,68.24,3807.21,2605.44,1201.77,EUR
20251010,28,13,4,8,2,INV104895,1,27.16,148.83,768.08,3274.14,2513.24,760.9,EUR
20250627,13,1,1,11,3,INV360909,2,34.98,75.43,68.04,2570.5,1581.02,989.48,EUR
20250825,20,6,1,14,1,INV412687,3,23.34,108.85,266.31,2274.25,1433.0,841.25,EUR
20251204,9,11,4,6,1,INV272892,4,1.94,52.62,20.11,81.97,46.18,35.79,EUR
20240123,38,17,2,2,2,INV845652,1,19.38,131.66,393.58,2157.99,1482.41,675.58,EUR
20250831,4,22,1,11,1,INV150578,1,21.42,82.25,192.84,1568.96,1007.77,561.19,EUR
20240605,14,23,1,5,2,INV793805,1,33.46,61.3,248.44,1802.66,975.51,827.15,EUR
20240417,33,24,1,5,1,INV922880,1,25.39,125.71,496.61,2695.17,2019.89,675.28,EUR
20240725,23,23,4,5,1,INV141319,5,25.32,49.46,233.72,1018.61,610.33,408.28,EUR
20240103,1,22,1,2,3,INV801520,4,8.31,27.12,23.06,202.31,145.07,57.24,EUR
20240413,17,21,2,8,2,INV376955,4,3.45,164.5,99.22,468.3,353.88,114.42,EUR
20250103,21,14,1,2,1,INV110142,2,33.5,42.4,101.57,1318.83,832.6,486.23,EUR
20250928,18,29,1,6,2,INV291752,1,20.64,192.84,216.39,3763.83,2317.45,1446.38,EUR
20250504,27,21,2,2,1,INV829987,1,49.1,170.43,173.58,8194.53,6337.39,1857.14,EUR
20250509,37,22,4,3,3,INV498197,3,30.96,173.89,947.47,4436.16,3185.98,1250.18,EUR
20240513,31,30,4,2,2,INV562094,1,4.1,134.44,1.36,549.84,418.15,131.69,EUR
20250621,37,24,2,11,2,INV644315,5,34.72,127.47,383.14,4042.62,2902.58,1140.04,EUR
20250508,23,22,4,3,3,INV742686,1,1.57,187.53,29.77,264.65,169.58,95.07,EUR
20250522,11,3,4,6,1,INV446968,3,3.47,52.31,23.35,158.17,98.22,59.95,EUR
20240828,6,15,4,13,3,INV569865,1,42.97,94.94,96.85,3982.72,2585.63,1397.09,EUR
20251031,2,4,4,7,1,INV684194,5,1.01,27.27,3.33,24.21,16.6,7.61,EUR
20241107,33,18,2,11,3,INV578368,3,18.8,20.31,17.02,364.81,232.14,132.67,EUR
20250727,40,20,4,12,3,INV480941,4,6.59,154.27,45.09,971.55,585.27,386.28,EUR
20251010,19,18,3,12,1,INV148001,2,25.13,166.15,620.05,3555.3,2214.11,1341.19,EUR
20240917,40,7,2,2,2,INV326061,4,41.4,46.21,129.3,1783.79,1297.07,486.72,EUR
20240217,38,4,4,8,3,INV717942,5,7.6,104.78,84.47,711.86,366.3,345.56,EUR
20250319,38,16,2,12,3,INV282085,2,6.07,134.93,99.29,719.74,429.36,290.38,EUR
20250128,27,20,2,5,2,INV459513,3,23.19,35.34,67.65,751.88,533.84,218.04,EUR
20250608,20,27,3,12,3,INV680472,2,10.84,128.59,81.01,1312.91,792.46,520.45,EUR
20251119,9,23,2,9,3,INV828038,3,35.81,154.55,622.38,4912.06,3314.86,1597.2,EUR
20251114,27,22,3,14,2,INV947568,1,26.61,14.8,11.45,382.38,268.08,114.3,EUR
20240723,18,25,2,5,3,INV362732,2,42.13,141.21,351.17,5598.01,4064.59,1533.42,EUR
20240203,23,27,4,2,3,INV808340,5,43.38,151.06,735.6,5817.38,3323.34,2494.04,EUR
20251213,19,23,1,7,2,INV536801,3,48.33,20.22,145.35,831.88,466.62,365.26,EUR
20250329,15,30,3,13,3,INV673167,5,10.63,147.73,60.77,1509.6,958.06,551.54,EUR
20251130,5,6,2,12,3,INV225151,4,2.99,63.03,9.96,178.5,97.87,80.63,EUR
20240918,1,11,4,12,1,INV141880,2,46.5,123.41,887.94,4850.62,3335.33,1515.29,EUR
20251108,20,16,3,2,3,INV433299,5,11.78,44.94,7.22,522.17,340.22,181.95,EUR
20250301,35,18,4,2,2,INV331942,2,33.5,72.9,143.39,2298.76,1804.74,494.02,EUR
20250925,34,16,1,2,3,INV462814,4,12.78,132.03,310.0,1377.34,789.42,587.92,EUR
20240210,21,13,1,7,2,INV666479,3,2.21,108.2,36.85,202.27,132.34,69.93,EUR
20250604,29,16,1,5,3,INV301863,3,26.18,190.16,166.67,4811.72,3786.26,1025.46,EUR
20250704,35,1,1,4,3,INV760093,2,43.38,90.6,81.69,3848.54,2545.14,1303.4,EUR
20251220,28,21,1,12,3,INV261223,1,23.5,73.03,30.04,1686.16,870.53,815.63,EUR
20240914,36,3,2,5,2,INV506881,4,31.88,92.27,9.94,2931.63,2057.97,873.66,EUR
20250701,1,21,1,13,3,INV714054,1,35.34,23.79,156.05,684.69,364.15,320.54,EUR
20251203,20,20,1,5,2,INV499941,4,41.28,15.86,20.47,634.23,358.95,275.28,EUR
20250204,35,10,2,5,3,INV933635,3,47.91,12.12,101.59,479.08,259.86,219.22,EUR
20240212,1,19,4,9,3,INV189261,3,11.29,150.87,247.3,1456.02,820.5,635.52,EUR
20251023,33,5,2,3,1,INV746850,3,10.52,44.46,74.8,392.92,296.92,96.0,EUR
20250716,30,21,1,5,3,INV170634,3,5.81,147.86,83.71,775.36,464.64,310.72,EUR
20240511,16,4,3,10,1,INV302897,3,24.81,72.39,236.86,1559.14,1103.93,455.21,EUR
20240605,37,19,3,13,2,INV549112,2,1.24,56.77,3.12,67.27,48.57,18.7,EUR
20250322,18,27,3,3,3,INV868577,3,44.02,97.94,309.33,4001.99,2367.74,1634.25,EUR
20250718,7,6,1,14,2,INV966589,2,44.67,47.32,310.11,1803.67,1240.9,562.77,EUR
20240318,2,28,1,14,3,INV707021,4,38.69,50.42,14.3,1936.45,1119.63,816.82,EUR
20250706,31,21,2,6,2,INV334153,5,36.93,65.29,224.09,2187.07,1428.43,758.64,EUR
20250210,24,17,1,11,1,INV989173,5,34.52,153.87,149.12,5162.47,2827.83,2334.64,EUR
20250802,37,22,2,12,3,INV606990,3,2.98,154.68,21.36,439.59,254.66,184.93,EUR
20240827,3,22,2,9,2,INV506945,4,45.98,177.49,65.13,8095.86,5623.04,2472.82,EUR
20240415,34,21,3,14,3,INV376106,5,27.67,43.03,155.66,1034.98,630.91,404.07,EUR
20251031,5,17,3,7,1,INV641455,4,18.29,174.87,311.43,2886.94,1861.02,1025.92,EUR
20250910,1,17,2,8,1,INV341162,1,26.21,63.35,49.89,1610.51,881.28,729.23,EUR
20250908,8,22,2,7,2,INV855242,1,24.59,100.97,104.63,2378.22,1304.15,1074.07,EUR
20250224,2,8,1,3,3,INV721121,2,7.6,107.4,145.42,670.82,364.97,305.85,EUR
20240619,17,30,2,9,2,INV728471,5,32.24,176.92,830.46,4873.44,3637.49,1235.95,EUR
20240328,14,15,4,14,2,INV278852,2,41.69,124.16,822.62,4353.61,3248.38,1105.23,EUR
20240705,40,22,3,3,3,INV818894,3,46.2,123.34,78.46,5619.85,3447.57,2172.28,EUR
20240515,7,1,2,9,3,INV817611,4,41.5,125.05,184.15,5005.43,3856.6,1148.83,EUR
20250906,3,29,1,2,2,INV791423,2,45.2,112.46,1.22,5081.97,3970.65,1111.32,EUR
20251125,28,17,4,6,1,INV831531,5,22.02,188.3,399.81,3746.56,2737.24,1009.32,EUR
20241224,38,26,1,7,1,INV366881,4,38.53,182.92,118.15,6929.76,4708.69,2221.07,EUR
20250710,27,9,2,1,3,INV879769,1,29.32,32.39,1.37,948.3,660.36,287.94,EUR
20251205,21,14,3,2,1,INV546768,5,13.43,172.45,196.19,2119.81,1292.43,827.38,EUR
20241009,26,25,2,7,3,INV921861,5,24.64,80.34,219.7,1759.88,1013.93,745.95,EUR
20241110,37,12,4,12,1,INV996531,1,37.64,94.85,499.33,3070.82,1684.46,1386.36,EUR
20240807,33,13,3,13,3,INV743852,1,8.88,193.27,1.82,1714.42,904.06,810.36,EUR
20240528,31,30,4,2,1,INV375871,2,19.17,125.72,349.21,2060.84,1605.82,455.02,EUR
20250214,40,21,3,12,3,INV160254,2,32.37,93.4,121.97,2901.39,2022.46,878.93,EUR
20250614,19,7,1,13,3,INV635348,5,35.22,126.89,602.45,3866.62,2350.6,1516.02,EUR
20251101,1,6,1,5,2,INV470281,4,20.87,48.06,3.08,999.93,711.04,288.89,EUR
20240402,36,10,3,6,2,INV337288,5,48.19,96.4,375.32,4270.2,2141.06,2129.14,EUR
20240628,27,17,1,9,1,INV627611,3,17.66,32.23,58.43,510.75,294.86,215.89,EUR
20250704,37,9,4,7,3,INV607122,2,38.12,192.64,673.9,6669.54,4256.61,2412.93,EUR
20250823,2,16,1,5,1,INV501261,2,34.17,53.69,115.85,1718.74,1352.02,366.72,EUR
20250612,35,1,3,4,2,INV197527,4,34.01,166.0,85.85,5559.81,4333.42,1226.39,EUR
20250502,21,12,2,10,2,INV291663,2,25.45,47.94,179.46,1040.61,792.76,247.85,EUR
20240730,15,7,2,14,3,INV473321,2,39.17,32.78,20.16,1263.83,994.3,269.53,EUR
20250519,40,1,1,14,2,INV489227,5,16.46,180.64,523.89,2449.44,1646.9,802.54,EUR
20241008,32,6,3,7,1,INV886609,5,7.28,109.89,67.71,732.29,572.57,159.72,EUR
20240203,33,12,4,14,3,INV913594,2,23.4,32.87,79.72,689.44,410.01,279.43,EUR
20240109,1,22,2,7,3,INV205641,3,18.72,173.75,121.75,3130.85,1812.31,1318.54,EUR
20241002,31,20,3,6,1,INV622998,4,11.32,143.14,120.65,1499.69,1134.21,365.48,EUR
20241013,29,6,2,10,3,INV339669,1,36.32,162.78,656.65,5255.52,3977.86,1277.66,EUR
20240719,10,26,2,8,1,INV285186,4,25.48,199.16,862.06,4212.54,2759.64,1452.9,EUR
20241119,32,10,3,9,3,INV150026,4,5.85,41.03,10.34,229.69,132.37,97.32,EUR
20251006,7,15,3,5,2,INV477808,5,28.32,163.9,319.48,4322.17,2695.0,1627.17,EUR
20241225,39,7,2,13,2,INV472358,3,33.99,102.62,513.81,2974.24,2280.91,693.33,EUR
20250125,40,10,4,11,1,INV275715,3,21.67,126.34,221.64,2516.15,1942.77,573.38,EUR
20240322,11,11,2,6,2,INV784733,3,35.81,125.02,354.09,4122.88,3159.39,963.49,EUR
20250106,38,17,4,7,1,INV292818,1,7.13,54.58,19.59,369.57,267.26,102.31,EUR
20240322,14,6,4,2,1,INV166891,4,27.87,15.01,33.22,385.11,280.94,104.17,EUR
20240326,7,9,2,2,3,INV508783,3,12.24,150.14,162.88,1674.83,900.93,773.9,EUR
20250623,11,1,1,11,2,INV440998,4,23.89,175.47,783.78,3408.2,2264.97,1143.23,EUR
20240518,35,6,4,11,3,INV766738,5,22.31,131.56,313.34,2621.76,2025.77,595.99,EUR
20250508,35,8,1,8,2,INV483551,4,13.73,67.68,0.02,929.23,691.92,237.31,EUR
20240519,23,10,4,9,1,INV821179,4,47.4,100.64,8.71,4761.63,2995.69,1765.94,EUR
20241026,39,8,1,9,2,INV297731,4,44.23,93.05,205.69,3909.91,2793.56,1116.35,EUR
20251023,25,27,4,4,2,INV183057,4,31.64,108.16,547.52,2874.66,1966.17,908.49,EUR
20251211,18,10,3,7,1,INV994940,1,9.94,65.02,82.32,563.98,386.51,177.47,EUR
20241005,40,16,2,6,1,INV259540,1,48.52,14.2,133.98,555.0,324.47,230.53,EUR
20240508,29,24,1,4,1,INV258003,1,25.19,74.96,117.67,1770.57,1309.94,460.63,EUR
20250115,30,23,1,6,1,INV984522,2,3.75,157.37,8.43,581.71,372.9,208.81,EUR
20240715,17,27,4,14,1,INV227885,2,19.86,195.24,191.67,3685.8,2942.6,743.2,EUR
20240722,30,24,1,9,3,INV318572,4,20.07,192.63,723.9,3142.18,1720.61,1421.57,EUR
20240213,36,17,1,5,2,INV769536,3,10.74,178.63,331.38,1587.11,897.25,689.86,EUR
20240425,16,21,4,6,1,INV275490,3,29.65,85.2,122.82,2403.36,1900.22,503.14,EUR
20250818,31,23,2,6,1,INV360804,2,25.5,140.33,242.2,3336.22,2638.6,697.62,EUR
20251002,4,2,3,11,1,INV835395,5,39.78,33.91,62.77,1286.17,1021.87,264.3,EUR
20251022,23,26,4,12,1,INV122390,4,18.55,35.6,118.69,541.69,349.71,191.98,EUR
20250324,36,10,4,4,3,INV295692,5,18.04,149.16,148.17,2542.68,1905.5,637.18,EUR
20250721,11,3,2,8,2,INV959222,3,27.54,96.28,411.48,2240.07,1460.05,780.02,EUR
20240708,2,20,3,13,3,INV350385,3,36.33,135.07,528.94,4378.15,2698.02,1680.13,EUR
20250620,32,25,2,10,2,INV438270,4,32.4,30.99,105.07,899.01,467.49,431.52,EUR
20240512,12,28,1,4,1,INV608947,2,5.84,118.49,115.74,576.24,401.86,174.38,EUR
20250622,40,23,3,1,2,INV331444,5,36.17,12.49,83.22,368.54,256.77,111.77,EUR
20240322,30,26,1,6,3,INV879592,4,41.28,160.91,77.45,6564.91,4497.49,2067.42,EUR
20250625,3,24,1,14,2,INV181721,2,48.07,28.45,198.35,1169.24,771.11,398.13,EUR
20240713,13,17,2,10,3,INV287588,5,37.71,88.89,70.74,3281.3,2269.31,1011.99,EUR
20250101,30,23,4,2,1,INV930956,2,27.95,105.89,389.21,2570.42,1696.91,873.51,EUR
20250906,29,30,3,6,3,INV440424,3,21.2,130.32,456.5,2306.28,1376.93,929.35,EUR
20240903,37,18,2,7,3,INV880746,3,18.64,95.96,343.37,1445.32,722.74,722.58,EUR
20240205,19,20,1,9,1,INV416503,1,15.72,52.16,140.33,679.63,344.24,335.39,EUR
20251207,18,30,2,2,1,INV582732,3,8.65,60.35,92.88,429.15,246.74,182.41,EUR
20240919,20,3,4,10,1,INV869933,1,36.46,160.65,202.55,5654.75,4228.12,1426.63,EUR
20251207,37,27,1,10,3,INV414985,1,36.81,119.49,69.04,4329.39,2237.33,2092.06,EUR
20241208,23,29,4,7,1,INV907812,2,37.64,171.4,1198.24,5253.26,3625.62,1627.64,EUR
20251009,25,2,3,9,1,INV434827,5,28.68,72.1,288.57,1779.26,971.4,807.86,EUR
20251120,26,15,1,4,2,INV403859,4,8.25,73.87,58.0,551.43,399.01,152.42,EUR
20250715,26,9,1,7,3,INV555596,2,38.34,101.38,154.01,3732.9,2309.16,1423.74,EUR
20250808,13,18,2,4,1,INV379190,4,16.85,185.59,56.04,3071.15,2154.49,916.66,EUR
20250309,24,12,2,6,2,INV722725,1,38.71,42.16,114.15,1517.86,1133.04,384.82,EUR
20250328,40,5,4,1,1,INV309385,3,8.64,148.41,22.01,1260.25,909.74,350.51,EUR
20240905,40,30,2,14,2,INV114400,3,35.0,31.14,98.1,991.8,502.67,489.13,EUR
20240802,35,7,2,9,3,INV886804,3,27.89,128.38,710.59,2869.93,2033.41,836.52,EUR
20251115,2,13,1,5,1,INV163029,3,10.83,142.34,83.64,1457.9,932.31,525.59,EUR
20240109,5,13,3,11,3,INV477717,1,1.93,174.81,43.82,293.56,167.14,126.42,EUR
20250124,33,23,1,6,2,INV726111,5,5.31,47.79,49.07,204.69,136.78,67.91,EUR
20251230,2,2,2,9,2,INV449773,4,20.28,39.83,56.02,751.73,455.23,296.5,EUR
20251002,20,8,3,13,1,INV756190,3,44.06,179.18,1286.61,6608.06,3362.44,3245.62,EUR
20250722,18,8,2,6,2,INV788842,2,5.3,82.62,84.13,353.76,241.88,111.88,EUR
20251002,15,14,2,10,1,INV547180,3,45.58,72.56,358.66,2948.62,1657.2,1291.42,EUR
20240521,38,18,2,14,1,INV424008,5,45.57,91.71,759.78,3419.44,2499.66,919.78,EUR
20251102,37,30,2,6,1,INV684413,5,47.48,32.49,97.99,1444.64,1103.55,341.09,EUR
20240131,21,29,4,7,2,INV564523,3,8.45,45.71,10.16,376.09,191.0,185.09,EUR
20250918,40,9,2,10,1,INV342129,1,18.6,140.75,249.54,2368.41,1541.12,827.29,EUR
20250911,31,23,3,3,2,INV615318,4,7.74,46.72,2.33,359.28,262.05,97.23,EUR
20240116,18,14,2,12,3,INV312686,2,4.24,186.15,155.59,633.69,481.69,152.0,EUR
20250516,21,28,4,4,2,INV524533,1,30.79,166.62,738.96,4391.27,2714.88,1676.39,EUR
20250808,39,18,1,9,1,INV573546,4,41.52,18.06,149.35,600.5,393.69,206.81,EUR
20250209,3,18,4,9,3,INV151690,2,15.27,85.63,79.65,1227.92,918.84,309.08,EUR
20250417,11,14,3,10,1,INV823468,5,45.28,98.08,573.88,3867.18,2038.52,1828.66,EUR
20250527,8,6,2,7,2,INV439173,4,2.22,96.2,38.3,175.26,134.73,40.53,EUR
20250410,6,9,3,12,3,INV846030,2,36.2,33.47,27.66,1183.95,751.59,432.36,EUR
20250106,6,17,4,12,3,INV741804,2,19.56,82.32,247.41,1362.77,1054.34,308.43,EUR
20250802,10,6,2,3,3,INV153802,4,16.1,148.73,460.22,1934.33,1134.74,799.59,EUR
20240704,8,29,2,4,1,INV752801,3,1.6,104.55,16.68,150.6,111.78,38.82,EUR
20250914,32,8,2,10,3,INV598820,4,21.1,25.09,63.54,465.86,267.13,198.73,EUR
20250714,18,20,2,1,1,INV255457,1,33.01,16.98,95.72,464.79,325.4,139.39,EUR
20250909,20,11,1,1,1,INV537211,2,8.91,64.03,75.41,495.1,351.5,143.6,EUR
20250809,36,6,4,12,3,INV477685,1,5.56,66.87,27.41,344.39,211.35,133.04,EUR
20240310,28,27,1,5,2,INV241081,1,35.04,62.14,229.52,1947.87,1280.52,667.35,EUR
20251213,14,20,1,2,3,INV865175,5,49.37,101.9,692.9,4337.9,3384.29,953.61,EUR
20251224,19,14,3,5,3,INV703080,5,18.34,34.65,71.51,563.97,369.91,194.06,EUR
20251009,32,16,2,10,1,INV843007,3,48.98,10.3,2.42,502.07,345.24,156.83,EUR
20240430,14,26,4,7,1,INV450006,3,28.46,131.13,8.43,3723.53,2086.5,1637.03,EUR
20241015,17,26,1,5,2,INV631302,5,16.87,11.16,25.82,162.45,97.86,64.59,EUR
20250805,40,1,2,4,2,INV974329,3,46.19,101.03,442.86,4223.72,2156.92,2066.8,EUR
20240519,31,5,4,14,3,INV451387,4,39.42,88.65,519.0,2975.58,2233.27,742.31,EUR
20241102,37,24,3,9,3,INV119627,2,29.29,73.03,391.95,1747.1,1290.64,456.46,EUR
20240308,10,9,1,6,2,INV756944,5,42.28,118.49,390.33,4619.43,3134.55,1484.88,EUR
20241111,21,23,1,5,2,INV191014,4,43.98,80.6,588.05,2956.74,1746.81,1209.93,EUR
20250621,20,6,1,6,1,INV915572,2,45.75,94.32,21.52,4293.62,2768.52,1525.1,EUR
20250527,10,7,3,8,3,INV649063,3,39.0,37.23,253.17,1198.8,895.07,303.73,EUR
20250612,9,7,1,8,2,INV848344,5,6.68,69.09,4.06,457.46,345.12,112.34,EUR
20240330,22,15,1,2,3,INV903398,3,2.1,154.11,41.35,282.28,158.91,123.37,EUR
20240724,13,10,3,9,2,INV910326,4,33.89,61.8,65.97,2028.43,1083.87,944.56,EUR
20250929,36,17,1,4,3,INV467335,5,16.61,36.9,86.34,526.57,308.03,218.54,EUR
20240907,11,3,3,10,2,INV666836,4,3.49,15.51,9.78,44.35,22.85,21.5,EUR
20250127,4,3,4,7,1,INV838908,5,44.67,129.6,799.06,4990.17,3162.52,1827.65,EUR
20241230,20,11,2,12,3,INV948612,5,4.85,185.33,137.42,761.43,510.41,251.02,EUR
20240405,30,4,4,5,3,INV775721,4,24.06,190.02,131.42,4440.46,3413.43,1027.03,EUR
20240921,24,13,2,12,3,INV446373,3,23.21,15.75,34.75,330.81,200.28,130.53,EUR
20250417,11,10,3,10,3,INV233582,5,6.04,165.34,159.14,839.51,501.83,337.68,EUR
20251027,5,26,3,9,2,INV520286,5,21.26,127.97,298.15,2422.49,1919.02,503.47,EUR
20250128,5,11,2,14,3,INV719677,4,39.43,92.72,575.69,3080.26,2043.32,1036.94,EUR
20240829,12,22,1,12,3,INV702080,4,6.6,123.25,52.94,760.51,402.54,357.97,EUR
20250331,12,10,4,2,3,INV214027,5,38.8,81.99,314.49,2866.72,2001.11,865.61,EUR
20240402,14,27,2,10,3,INV949178,1,38.1,135.57,467.94,4697.28,2759.42,1937.86,EUR
20250922,37,15,2,4,3,INV431976,3,28.94,183.51,323.48,4987.3,3905.06,1082.24,EUR
20250321,23,3,1,10,3,INV523831,2,42.77,21.86,168.49,766.46,605.79,160.67,EUR
20240101,36,27,3,2,2,INV132699,2,22.15,122.13,338.26,2366.92,1688.87,678.05,EUR
20250219,25,14,2,11,1,INV597938,2,10.22,83.07,156.97,692.01,520.38,171.63,EUR
20240606,19,28,2,3,1,INV175231,1,8.06,178.13,188.92,1246.81,988.09,258.72,EUR
20240519,6,5,4,14,2,INV927251,5,46.59,128.42,543.74,5439.35,3411.76,2027.59,EUR
20250405,25,12,2,3,2,INV733941,1,29.32,170.89,237.25,4773.24,3105.08,1668.16,EUR
20250224,35,19,3,1,1,INV695748,4,35.54,31.5,107.82,1011.69,715.42,296.27,EUR
20240525,34,28,3,8,3,INV182034,5,44.61,26.8,112.97,1082.58,782.17,300.41,EUR
20251115,5,22,3,10,1,INV460234,5,39.15,99.09,397.76,3481.61,2230.91,1250.7,EUR
20241205,27,12,3,5,1,INV137042,5,37.72,148.12,629.9,4957.19,2569.93,2387.26,EUR
20250429,38,6,1,11,2,INV948188,5,2.34,102.1,6.06,232.85,121.79,111.06,EUR
20241011,17,5,3,5,2,INV114892,1,30.59,182.92,826.98,4768.54,3327.23,1441.31,EUR
20250113,12,9,2,8,1,INV938202,5,43.24,75.14,54.84,3194.21,1736.12,1458.09,EUR
20240606,32,25,4,13,2,INV349505,4,36.57,41.78,176.55,1351.34,1016.95,334.39,EUR
20240225,17,25,1,1,1,INV586554,4,24.34,100.49,463.87,1982.06,1539.54,442.52,EUR
20240827,25,22,4,8,2,INV252200,5,43.64,12.25,99.14,435.45,276.36,159.09,EUR
20251125,21,17,1,2,3,INV768387,3,47.85,92.04,808.63,3595.48,2723.6,871.88,EUR
20241209,18,9,1,5,3,INV712553,4,23.59,138.31,157.78,3104.95,2178.33,926.62,EUR
20240718,34,11,2,6,3,INV111091,1,41.75,12.27,10.01,502.26,266.79,235.47,EUR
20250401,23,8,3,5,1,INV135695,1,31.35,20.81,77.52,574.87,441.61,133.26,EUR
20240810,39,21,1,12,1,INV190582,5,7.37,134.71,178.69,814.12,545.31,268.81,EUR
20240708,8,23,2,5,2,INV589638,1,32.3,185.31,330.86,5654.65,3551.66,2102.99,EUR
20251114,21,9,2,13,1,INV390756,1,19.76,73.2,17.37,1429.06,1124.22,304.84,EUR
20240928,12,15,1,8,1,INV739947,4,9.74,103.49,29.0,978.99,715.26,263.73,EUR
20240811,40,21,1,8,3,INV371577,1,2.71,23.38,9.22,54.14,39.69,14.45,EUR
20240120,32,5,1,1,3,INV509451,3,8.43,72.67,47.95,564.66,282.96,281.7,EUR
20251225,32,16,4,7,3,INV918871,1,27.47,10.63,55.72,236.29,176.13,60.16,EUR
20250508,8,19,3,6,3,INV417538,4,3.7,199.43,95.49,642.4,391.61,250.79,EUR
20241214,6,27,4,13,2,INV779259,2,9.65,17.47,12.95,155.64,86.74,68.9,EUR
20251213,25,29,1,11,3,INV476712,4,5.16,130.23,98.83,573.16,310.64,262.52,EUR
20240716,2,24,2,8,2,INV166052,5,32.53,104.94,658.81,2754.89,2048.35,706.54,EUR
20240117,3,11,1,6,3,INV144894,4,6.79,163.35,148.03,961.12,612.72,348.4,EUR
20251125,35,5,2,2,1,INV871185,2,24.96,13.62,61.68,278.28,190.76,87.52,EUR
20240905,9,1,2,11,1,INV422266,1,23.35,42.43,117.11,873.63,651.15,222.48,EUR
20240418,8,16,2,2,1,INV546915,3,40.76,196.62,1087.37,6926.86,4137.21,2789.65,EUR
20251201,37,18,2,6,1,INV901351,1,30.06,73.75,53.54,2163.38,1173.35,990.03,EUR
20250301,11,23,3,9,1,INV559969,2,46.36,17.73,16.43,805.53,607.54,197.99,EUR
20250919,25,25,2,1,2,INV184643,1,1.35,185.97,35.49,215.57,146.18,69.39,EUR
20241017,27,23,4,12,1,INV316174,2,32.35,109.39,291.62,3247.15,2537.41,709.74,EUR
20250917,3,20,2,12,2,INV741780,1,31.73,158.69,350.3,4684.93,2348.89,2336.04,EUR
20240829,13,4,1,10,2,INV898100,5,25.87,98.2,318.3,2222.13,1249.8,972.33,EUR
20240224,13,4,2,11,2,INV621682,2,8.83,185.31,17.68,1618.61,986.15,632.46,EUR
20240802,28,9,3,10,2,INV145421,1,37.28,185.72,243.56,6680.08,4914.18,1765.9,EUR
20250511,33,4,1,4,3,INV566428,5,29.41,89.62,393.82,2241.9,1725.17,516.73,EUR
20240823,8,11,2,2,1,INV873584,4,43.62,81.35,156.6,3391.89,2175.21,1216.68,EUR
20250511,4,29,4,3,1,INV739037,4,9.72,80.96,72.04,714.89,399.08,315.81,EUR
20250102,18,7,3,3,1,INV825835,5,3.92,35.94,24.0,116.88,74.52,42.36,EUR
20240624,22,8,3,10,1,INV927899,5,45.37,119.84,601.08,4836.06,2751.29,2084.77,EUR
20250225,34,16,2,10,2,INV977646,4,14.68,148.7,321.4,1861.52,1068.51,793.01,EUR
20241201,28,19,2,10,1,INV701568,1,21.47,18.4,78.32,316.73,228.06,88.67,EUR
20250531,3,14,4,8,3,INV961186,1,23.17,55.7,144.15,1146.42,577.48,568.94,EUR
20250220,14,5,3,5,1,INV779099,1,1.78,137.12,7.9,236.17,150.63,85.54,EUR
20250807,38,1,4,8,1,INV837290,4,10.06,175.59,221.44,1545.0,1098.76,446.24,EUR
20240102,5,13,3,9,1,INV410997,4,37.89,142.63,662.02,4742.23,3189.48,1552.75,EUR
20240731,6,20,3,12,1,INV639740,3,44.51,31.08,101.15,1282.22,879.27,402.95,EUR
20250109,24,6,1,9,3,INV911152,2,7.78,73.64,61.83,511.09,355.06,156.03,EUR
20250817,14,25,2,6,2,INV380345,5,34.33,62.66,27.26,2123.86,1281.89,841.97,EUR
20250512,33,17,1,8,3,INV657742,5,45.07,95.88,318.17,4003.14,2810.17,1192.97,EUR
20251210,5,7,4,2,1,INV509660,2,15.13,191.76,63.46,2837.87,1653.86,1184.01,EUR
20251214,10,16,2,14,1,INV645980,1,15.37,194.22,323.25,2661.91,1436.39,1225.52,EUR
20241221,27,15,1,5,1,INV166007,1,43.72,54.14,448.52,1918.48,1330.28,588.2,EUR
20250225,38,11,3,8,3,INV798199,5,42.25,94.6,243.07,3753.78,2025.49,1728.29,EUR
20241109,11,26,3,4,2,INV489967,3,38.72,18.99,51.93,683.36,435.15,248.21,EUR
20240619,40,30,2,12,3,INV399102,2,48.69,169.47,1143.42,7108.07,4974.99,2133.08,EUR
20240606,11,8,1,1,2,INV702433,2,22.6,80.24,74.41,1739.01,1238.42,500.59,EUR
20251112,21,12,2,6,2,INV666091,2,27.15,33.08,4.48,893.64,696.43,197.21,EUR
20240528,30,30,3,3,1,INV874368,5,48.8,72.94,502.21,3057.26,1963.29,1093.97,EUR
20241023,37,22,2,13,3,INV863933,4,17.6,31.34,52.84,498.74,255.37,243.37,EUR
20251125,36,4,3,1,2,INV747518,2,22.85,27.57,6.93,623.04,431.39,191.65,EUR
20250820,34,8,3,4,1,INV187649,5,42.62,138.64,1131.69,4777.15,3787.09,990.06,EUR
20250207,13,16,3,10,3,INV636405,1,45.51,78.6,105.84,3471.25,2624.76,846.49,EUR
20250113,25,12,1,5,2,INV468422,3,48.9,176.12,150.88,8461.39,6078.29,2383.1,EUR
20250330,27,26,4,5,1,INV944809,4,36.7,88.7,543.97,2711.32,1842.02,869.3,EUR
20240527,14,10,4,14,3,INV451709,1,46.72,122.23,429.18,5281.41,2651.19,2630.22,EUR
20251016,18,14,2,9,2,INV844747,5,38.01,36.02,50.93,1318.19,810.07,508.12,EUR
20250721,32,2,3,14,3,INV418677,4,28.4,98.06,14.95,2769.95,1387.01,1382.94,EUR
20240925,20,21,4,2,3,INV798260,3,21.44,103.46,305.15,1913.03,1096.98,816.05,EUR
20240502,18,16,1,10,3,INV479332,5,24.54,92.85,117.53,2161.01,1525.18,635.83,EUR
20251211,8,12,1,14,2,INV270757,5,3.87,70.74,48.09,225.67,122.01,103.66,EUR
20240616,4,9,3,7,3,INV473276,1,15.2,110.63,314.9,1366.68,894.03,472.65,EUR
20251005,12,25,1,10,1,INV670123,3,43.75,167.1,1001.51,6309.11,3724.4,2584.71,EUR
20251202,24,4,3,14,1,INV113524,2,26.39,80.87,206.97,1927.19,1160.35,766.84,EUR
20240615,7,7,2,9,1,INV971968,2,39.96,116.14,640.13,4000.82,3143.64,857.18,EUR
20250628,36,23,1,7,2,INV180111,1,41.12,185.45,731.33,6894.37,4091.62,2802.75,EUR
20250106,9,27,4,10,3,INV900681,3,9.44,67.89,95.42,545.46,292.14,253.32,EUR
20240511,10,23,2,5,1,INV320034,2,49.07,90.71,679.27,3771.87,2012.36,1759.51,EUR
20240120,31,25,4,1,1,INV213054,1,39.86,107.56,50.82,4236.52,2269.4,1967.12,EUR
20240916,3,3,3,11,1,INV891203,1,39.34,184.82,298.69,6972.13,5371.0,1601.13,EUR
20240708,23,1,1,3,3,INV390849,5,18.04,40.51,73.17,657.63,472.55,185.08,EUR
20240904,33,19,1,2,3,INV900319,1,26.91,146.0,757.69,3171.17,1749.0,1422.17,EUR
20250704,1,24,1,4,3,INV992649,4,18.96,121.98,203.37,2109.37,1660.76,448.61,EUR
20240704,23,13,4,4,3,INV338607,4,6.53,197.08,31.82,1255.11,669.09,586.02,EUR
20240519,32,25,3,12,2,INV684195,1,5.03,103.81,40.18,481.98,307.06,174.92,EUR
20241115,29,8,4,5,2,INV297955,1,44.84,162.46,1368.19,5916.52,3610.45,2306.07,EUR
20240114,32,22,1,7,2,INV648051,1,6.84,85.01,80.83,500.64,397.14,103.5,EUR
20240621,5,12,2,6,1,INV723861,4,7.02,169.24,172.32,1015.74,592.74,423.0,EUR
20251231,38,19,3,13,3,INV519677,3,24.32,124.6,245.11,2785.16,1797.43,987.73,EUR
20241012,10,25,4,2,1,INV362867,4,25.37,129.39,88.37,3194.25,1692.57,1501.68,EUR
20240224,5,16,1,3,2,INV733952,3,8.48,128.17,20.94,1065.94,557.44,508.5,EUR
20250616,32,26,4,4,2,INV794255,4,25.02,59.72,102.69,1391.5,1054.62,336.88,EUR
20250713,2,25,1,7,1,INV502265,4,16.41,81.5,122.95,1214.46,619.2,595.26,EUR
20250724,20,29,2,8,2,INV241021,3,36.07,102.62,80.98,3620.52,2543.44,1077.08,EUR
20251106,36,22,4,8,3,INV995852,2,25.83,84.36,215.59,1963.43,1553.59,409.84,EUR
20250923,23,25,3,6,1,INV129514,5,3.21,169.02,37.86,504.69,364.7,139.99,EUR
20240128,22,13,1,7,2,INV474725,4,18.21,135.64,122.32,2347.68,1630.29,717.39,EUR
20250829,6,30,1,14,2,INV220031,3,9.32,112.3,7.82,1038.82,724.4,314.42,EUR
20250308,37,17,4,5,1,INV829765,4,29.81,197.3,444.33,5437.18,3355.23,2081.95,EUR
20250809,7,26,4,2,3,INV807905,2,17.46,105.53,281.88,1560.67,939.31,621.36,EUR
20250921,20,12,4,4,2,INV766311,1,42.18,111.81,271.04,4445.11,2285.94,2159.17,EUR
20250810,26,26,2,10,3,INV196424,5,5.64,74.0,5.62,411.74,304.83,106.91,EUR
20250501,28,7,3,13,1,INV783185,3,25.73,66.98,228.68,1494.72,887.87,606.85,EUR
20250228,26,9,4,11,3,INV289373,1,31.76,108.08,128.06,3304.56,2147.17,1157.39,EUR
20251107,30,9,4,10,3,INV757203,1,26.59,79.21,62.24,2043.95,1114.24,929.71,EUR
20251202,20,28,4,7,2,INV970542,1,32.06,170.73,292.22,5181.38,3036.88,2144.5,EUR
20240613,17,22,2,7,1,INV219074,2,10.4,56.66,97.49,491.77,314.36,177.41,EUR
20250727,28,14,1,4,1,INV385959,2,2.43,160.04,21.6,367.3,244.33,122.97,EUR
20251021,3,24,4,13,1,INV158014,1,16.38,66.62,13.88,1077.36,847.37,229.99,EUR
20250107,6,13,2,4,1,INV698708,5,46.71,109.17,845.45,4253.88,3338.88,915.0,EUR
20250621,17,16,1,4,3,INV228216,3,17.14,121.02,161.77,1912.51,1385.64,526.87,EUR
20240829,28,7,2,2,1,INV324509,3,22.53,58.32,154.91,1159.04,750.02,409.02,EUR
20250118,8,11,4,8,3,INV358313,3,44.09,188.02,601.84,7687.96,5494.6,2193.36,EUR
20241111,2,21,1,14,3,INV794391,1,34.84,159.87,266.99,5302.88,3530.75,1772.13,EUR
20241112,24,29,1,9,1,INV999308,4,20.04,182.86,288.01,3376.5,2678.91,697.59,EUR
20240918,20,3,2,5,1,INV268010,4,31.94,177.1,867.43,4789.14,2978.3,1810.84,EUR
20240204,18,28,1,14,2,INV593975,4,46.4,73.22,286.99,3110.42,2412.33,698.09,EUR
20240412,11,23,3,9,1,INV468948,4,30.5,164.55,740.56,4278.22,2720.86,1557.36,EUR
20240129,4,21,2,11,2,INV929443,2,1.15,48.01,3.37,51.84,34.87,16.97,EUR
20240423,11,8,2,14,3,INV819064,4,39.84,70.69,269.44,2546.85,1835.14,711.71,EUR
20240923,12,22,3,13,2,INV308314,1,21.31,44.56,166.44,783.13,613.53,169.6,EUR
20250807,15,1,1,9,3,INV741731,2,45.44,195.08,351.5,8512.94,6047.41,2465.53,EUR
20240621,4,13,4,10,2,INV256501,1,47.94,42.32,230.17,1798.65,906.94,891.71,EUR
20250622,28,25,4,14,3,INV618152,1,12.0,48.6,110.35,472.85,351.81,121.04,EUR
20240929,19,24,4,7,1,INV552259,2,30.4,199.09,342.52,5709.82,4014.9,1694.92,EUR
20250304,12,14,2,1,2,INV374516,2,31.27,182.39,421.63,5281.71,3725.09,1556.62,EUR
20250414,6,1,4,3,2,INV826687,4,34.66,145.53,714.7,4329.37,3120.75,1208.62,EUR
20240919,5,4,1,1,2,INV346249,4,45.5,199.38,1704.27,7367.52,5821.54,1545.98,EUR
20250904,3,1,3,9,3,INV499442,3,48.9,137.54,177.88,6547.83,5026.56,1521.27,EUR
20240212,38,6,3,3,3,INV616780,3,44.02,35.06,97.95,1445.39,952.7,492.69,EUR
20240525,17,4,3,1,1,INV623460,3,37.64,185.99,396.13,6604.53,5039.79,1564.74,EUR
20250919,17,17,3,7,1,INV430870,4,38.42,38.74,253.93,1234.46,860.7,373.76,EUR
20250326,4,7,2,1,1,INV292037,1,24.04,41.08,92.26,895.3,478.81,416.49,EUR
20250521,3,15,3,12,3,INV608768,4,25.16,170.71,744.66,3550.4,1906.91,1643.49,EUR
20240405,14,28,3,3,1,INV886365,5,41.31,117.02,641.13,4192.97,2363.66,1829.31,EUR
20240105,34,25,2,7,1,INV358114,4,34.17,178.6,31.69,6071.07,4276.42,1794.65,EUR
20251127,8,13,3,10,1,INV977634,3,8.53,25.4,36.0,180.66,126.08,54.58,EUR
20250409,18,20,1,6,1,INV788047,5,47.59,71.73,499.45,2914.18,2099.07,815.11,EUR
20250805,9,7,1,13,3,INV396698,3,40.11,151.32,664.19,5405.26,3679.29,1725.97,EUR
20240404,26,9,2,4,2,INV193520,1,42.76,40.96,273.05,1478.4,865.57,612.83,EUR
20251031,10,4,3,8,2,INV871635,3,45.28,124.67,405.37,5239.69,2770.92,2468.77,EUR
20250111,33,7,4,8,2,INV599583,3,28.59,90.38,390.95,2193.01,1630.06,562.95,EUR
20250920,12,14,4,2,1,INV638277,3,48.69,138.52,873.57,5870.97,4192.4,1678.57,EUR
20250522,34,21,1,5,2,INV558600,1,45.45,100.75,136.1,4442.99,2391.83,2051.16,EUR
20241103,16,17,4,5,3,INV150046,5,4.75,18.57,1.9,86.31,54.16,32.15,EUR
20240406,30,22,3,6,2,INV714012,1,38.66,13.09,74.95,431.11,275.42,155.69,EUR
20240705,26,2,1,7,3,INV412106,3,29.77,96.45,384.91,2486.41,1708.52,777.89,EUR
20240928,22,30,2,4,1,INV182020,5,13.71,137.95,164.09,1727.2,872.88,854.32,EUR
20250208,8,1,2,11,2,INV582515,4,43.57,193.5,1014.88,7415.91,4790.8,2625.11,EUR
20250925,40,12,4,13,2,INV191892,2,7.62,46.25,57.51,294.92,209.04,85.88,EUR
20240711,2,7,4,11,1,INV781301,2,22.35,128.95,455.37,2426.66,1352.32,1074.34,EUR
20241104,30,5,4,7,1,INV222115,2,45.22,150.37,605.54,6194.19,3998.44,2195.75,EUR
20240121,29,19,2,4,2,INV697091,4,3.5,11.5,5.07,35.18,25.12,10.06,EUR
20250301,32,24,3,1,2,INV519095,4,26.15,147.68,722.38,3139.45,2422.15,717.3,EUR
20250514,15,23,1,9,1,INV542503,5,16.48,22.07,64.95,298.76,186.77,111.99,EUR
20250429,8,16,3,8,3,INV557420,1,8.91,147.98,123.74,1194.76,754.41,440.35,EUR
20250603,15,19,3,10,3,INV788870,4,7.43,65.74,69.49,418.96,330.12,88.84,EUR
20251120,24,26,4,13,1,INV752048,2,14.84,152.36,301.65,1959.37,1055.57,903.8,EUR
20240723,11,20,4,2,2,INV617708,3,12.5,115.8,289.29,1158.21,703.77,454.44,EUR
20240924,23,22,2,3,3,INV133522,1,17.55,31.65,25.18,530.28,354.54,175.74,EUR
20250513,17,11,3,13,1,INV907503,5,14.11,38.72,75.41,470.93,308.28,162.65,EUR
20251116,7,23,1,8,2,INV982478,1,48.76,158.51,942.4,6786.55,5140.92,1645.63,EUR
20240414,36,2,1,3,3,INV223794,2,45.64,39.84,106.23,1712.07,1082.81,629.26,EUR
20250602,32,24,1,3,3,INV481405,3,41.14,33.37,55.43,1317.41,1041.93,275.48,EUR
20240107,16,27,4,6,2,INV629554,2,5.18,80.76,63.16,355.18,216.02,139.16,EUR
20251111,16,5,4,13,1,INV244697,4,21.26,87.77,171.21,1694.78,1280.77,414.01,EUR
20251129,24,1,4,3,1,INV852485,5,47.24,26.11,77.66,1155.78,918.36,237.42,EUR
20240617,28,2,4,13,1,INV792244,2,45.22,20.98,119.84,828.88,591.83,237.05,EUR
20251107,34,10,4,7,3,INV834831,5,43.8,147.09,404.2,6038.34,3642.61,2395.73,EUR
20241013,34,20,2,12,2,INV567863,2,44.49,128.63,707.55,5015.2,3172.83,1842.37,EUR
20241219,26,25,2,5,1,INV138766,5,17.39,147.77,380.35,2189.37,1177.45,1011.92,EUR
20250707,19,7,1,9,3,INV427420,5,17.69,130.78,10.84,2302.66,1766.36,536.3,EUR
20250706,38,9,2,14,2,INV861800,4,49.36,30.98,18.33,1510.84,924.47,586.37,EUR
20251004,33,12,1,1,3,INV230809,4,15.6,150.0,212.07,2127.93,1691.46,436.47,EUR
20250818,37,23,2,6,2,INV398357,5,33.95,145.73,514.21,4433.32,2546.01,1887.31,EUR
20241201,34,19,2,14,2,INV576378,1,8.18,90.88,61.26,682.14,359.95,322.19,EUR
20250311,9,16,2,8,1,INV487233,5,20.73,116.2,375.21,2033.62,1548.81,484.81,EUR
20250821,32,21,4,8,3,INV613321,4,41.37,37.43,39.37,1509.11,1076.52,432.59,EUR
20240512,33,28,1,12,1,INV577555,4,2.6,39.8,11.57,91.91,71.37,20.54,EUR
20240501,39,28,4,2,1,INV487538,5,15.19,109.33,39.11,1621.61,959.15,662.46,EUR
20250118,20,10,4,1,1,INV249044,5,21.67,188.0,248.65,3825.31,2237.98,1587.33,EUR
20240706,32,1,1,9,2,INV170846,1,21.46,118.88,288.67,2262.49,1742.31,520.18,EUR
20250121,31,27,2,13,1,INV629283,4,38.32,136.77,156.16,5084.87,3652.76,1432.11,EUR
20240401,40,22,4,7,1,INV514603,3,27.51,192.04,940.42,4342.6,3130.03,1212.57,EUR
20251023,6,28,2,12,1,INV699780,3,28.49,33.52,106.83,848.15,473.04,375.11,EUR
20250925,35,19,1,10,3,INV298595,4,25.63,13.55,45.72,301.57,198.9,102.67,EUR
20240120,18,26,2,4,3,INV979668,5,22.77,163.31,451.33,3267.24,2027.45,1239.79,EUR
20240216,32,28,1,6,2,INV289276,4,2.18,110.3,18.37,222.08,117.1,104.98,EUR
20240411,35,6,3,3,1,INV367968,1,8.56,190.91,221.8,1412.39,731.16,681.23,EUR
20241129,12,1,1,5,2,INV203540,3,7.98,179.67,73.96,1359.81,1064.01,295.8,EUR
20240503,4,7,2,13,3,INV714496,2,25.16,152.95,296.35,3551.87,1898.56,1653.31,EUR
20240303,21,15,4,2,2,INV130310,4,32.04,183.61,21.91,5860.95,3904.7,1956.25,EUR
20250823,7,8,2,5,3,INV526504,4,5.11,130.8,27.2,641.19,506.78,134.41,EUR
20250117,35,6,2,9,2,INV682119,4,3.05,164.4,96.38,405.04,277.95,127.09,EUR
20251030,11,1,1,8,2,INV726909,3,42.13,82.23,243.49,3220.86,2221.31,999.55,EUR
20250822,33,10,1,3,3,INV660033,5,4.43,27.05,16.74,103.09,77.23,25.86,EUR
20250723,18,29,4,4,3,INV629342,3,44.31,189.63,1067.4,7335.11,5823.29,1511.82,EUR
20251225,29,9,2,11,2,INV458224,2,23.53,123.91,9.26,2906.34,2056.39,849.95,EUR
20251023,1,20,4,1,1,INV805383,2,21.24,180.1,538.07,3287.25,2395.55,891.7,EUR
20250705,6,26,1,9,1,INV972503,4,33.94,77.07,425.21,2190.55,1639.06,551.49,EUR
20250101,25,6,1,2,2,INV488477,2,22.78,52.09,4.69,1181.92,690.64,491.28,EUR
20251227,23,7,1,14,3,INV755608,3,40.61,52.02,414.11,1698.42,1342.07,356.35,EUR
20240207,18,16,2,1,1,INV961010,4,6.44,62.7,40.41,363.38,200.27,163.11,EUR
20240717,37,22,2,2,3,INV234476,1,7.24,187.38,232.11,1124.52,859.47,265.05,EUR
20241007,13,28,1,12,3,INV658829,5,13.39,116.42,141.52,1417.34,1107.46,309.88,EUR
20251018,4,28,3,7,2,INV387347,1,34.33,98.65,244.84,3141.81,2286.32,855.49,EUR
20240817,4,9,4,9,2,INV431603,1,20.2,73.59,261.66,1224.86,909.22,315.64,EUR
20240819,28,3,2,4,1,INV445217,3,4.08,128.81,2.93,522.61,329.03,193.58,EUR
20240125,38,26,3,14,2,INV359159,1,24.21,192.17,774.65,3877.79,2894.73,983.06,EUR
20250616,16,3,4,13,1,INV755725,4,29.37,26.25,9.36,761.6,388.42,373.18,EUR
20241116,5,26,2,1,2,INV157450,3,30.93,92.05,57.98,2789.13,1441.25,1347.88,EUR
20240223,19,28,4,7,1,INV747288,4,12.42,123.92,203.07,1336.02,672.26,663.76,EUR
20250128,30,26,4,10,3,INV206197,3,32.9,138.4,23.65,4529.71,2967.7,1562.01,EUR
20250824,13,4,1,1,3,INV847948,1,30.05,169.75,922.64,4178.35,2247.09,1931.26,EUR
20250605,17,12,4,8,3,INV751009,4,10.11,36.16,3.22,362.36,195.06,167.3,EUR
20250821,28,17,3,5,3,INV667430,2,8.22,68.65,38.7,525.6,320.96,204.64,EUR
20240109,34,19,2,1,1,INV631741,5,43.08,90.19,151.85,3733.54,2091.2,1642.34,EUR
20240725,5,11,2,11,2,INV828531,4,30.39,72.92,256.36,1959.68,1546.03,413.65,EUR
20250922,20,14,3,3,1,INV576370,1,25.3,184.79,597.27,4077.92,2887.03,1190.89,EUR
20250422,40,7,2,8,3,INV905671,3,40.56,81.42,264.4,3038.0,2271.89,766.11,EUR
20240107,24,1,1,6,1,INV681636,1,7.98,93.68,94.39,653.18,505.44,147.74,EUR
20250103,3,1,2,4,2,INV282605,2,44.38,146.58,442.12,6063.1,4040.16,2022.94,EUR
20240701,13,1,2,14,2,INV206105,1,41.74,36.08,197.24,1308.74,1001.84,306.9,EUR
20241212,14,10,4,4,2,INV948809,3,33.38,188.82,1231.7,5071.11,4053.38,1017.73,EUR
20250320,5,4,2,3,1,INV300992,5,19.53,81.11,189.95,1394.13,1105.68,288.45,EUR
20240907,3,25,2,14,3,INV408472,2,17.06,20.12,54.62,288.63,219.89,68.74,EUR
20250604,38,29,4,4,3,INV185362,4,39.76,126.83,168.87,4873.89,3004.44,1869.45,EUR
20251022,33,12,4,9,2,INV287693,3,35.91,109.84,381.26,3563.09,2803.17,759.92,EUR
20250430,18,19,4,11,3,INV781298,1,11.15,180.03,181.5,1825.83,1041.3,784.53,EUR
20240811,20,14,4,10,1,INV983353,3,13.47,26.1,52.85,298.72,175.8,122.92,EUR
20250615,23,8,1,8,3,INV751297,3,21.88,98.83,176.86,1985.54,1471.98,513.56,EUR
20241120,18,13,1,3,2,INV345147,3,32.62,78.23,42.06,2509.8,1889.33,620.47,EUR
20250609,35,21,1,13,2,INV338804,1,6.81,78.45,58.34,475.9,285.6,190.3,EUR
20251122,22,9,3,12,3,INV986516,3,10.34,124.77,35.57,1254.55,949.07,305.48,EUR
20250710,17,1,3,5,2,INV921169,4,47.34,166.15,1192.11,6673.43,3360.52,3312.91,EUR
20251031,33,25,2,14,2,INV338633,2,36.44,49.88,84.96,1732.67,1171.46,561.21,EUR
20250719,30,24,4,6,1,INV428282,2,22.01,188.97,347.45,3811.78,2407.54,1404.24,EUR
20250725,2,12,2,10,1,INV420415,1,25.49,135.18,244.41,3201.33,1817.23,1384.1,EUR
20250311,26,25,3,6,3,INV124368,5,39.48,185.21,224.76,7087.33,5569.16,1518.17,EUR
20241204,37,21,4,7,1,INV509611,1,27.19,45.78,27.05,1217.71,816.91,400.8,EUR
20250407,20,3,2,2,3,INV679764,2,2.57,140.91,35.39,326.75,181.68,145.07,EUR
20240312,25,10,2,4,2,INV791609,5,4.43,20.92,9.61,83.07,45.82,37.25,EUR
20250224,26,6,1,3,3,INV538738,4,37.41,83.91,567.29,2571.78,1445.2,1126.58,EUR
20240729,20,14,4,3,3,INV703027,3,29.79,105.47,430.34,2711.61,1579.87,1131.74,EUR
20240108,10,15,1,14,2,INV734229,2,26.77,182.96,861.27,4036.57,2575.58,1460.99,EUR
20250812,3,24,1,5,3,INV578472,3,35.32,145.21,305.11,4823.71,3298.98,1524.73,EUR
20240628,27,8,2,10,3,INV553065,4,19.85,135.23,375.01,2309.31,1220.84,1088.47,EUR
20251216,3,8,2,5,3,INV663858,3,33.67,22.68,110.96,652.68,503.0,149.68,EUR
20250520,27,25,1,6,1,INV892091,1,25.72,158.11,333.54,3733.05,2051.13,1681.92,EUR
20240731,33,2,4,1,1,INV769900,4,19.68,151.73,511.08,2474.97,1532.01,942.96,EUR
20240111,17,4,2,6,3,INV885043,4,24.75,22.97,62.36,506.15,289.87,216.28,EUR
20250324,9,16,3,14,1,INV278875,1,30.74,43.67,33.33,1309.09,945.73,363.36,EUR
20240621,5,22,1,11,2,INV260952,4,18.55,51.17,6.54,942.66,662.23,280.43,EUR
20240809,29,23,1,14,3,INV950931,5,32.41,146.12,849.6,3886.15,2398.48,1487.67,EUR
20241111,29,2,1,1,2,INV904377,2,46.51,81.18,180.13,3595.55,1896.35,1699.2,EUR
20250307,2,1,3,14,1,INV812989,1,11.81,177.63,334.36,1763.45,1321.06,442.39,EUR
20240620,11,2,4,9,1,INV955244,3,16.81,129.09,271.11,1898.89,1481.7,417.19,EUR
20250208,28,4,2,4,1,INV473897,3,9.51,86.41,51.97,769.79,474.77,295.02,EUR
20250414,15,3,3,11,3,INV486903,1,4.3,51.53,13.36,208.22,141.52,66.7,EUR
20240414,35,26,2,5,1,INV729006,3,49.09,142.3,947.1,6038.41,4780.67,1257.74,EUR
20251211,9,11,2,11,3,INV433412,4,4.31,13.35,10.5,47.04,29.86,17.18,EUR
20250607,15,17,1,4,1,INV746288,1,16.13,150.2,366.92,2055.81,1410.14,645.67,EUR
20240302,9,12,4,5,1,INV259038,4,11.01,17.2,34.97,154.4,104.9,49.5,EUR
20250330,22,5,3,6,3,INV925198,1,26.52,195.74,672.81,4518.21,2650.1,1868.11,EUR
20240125,15,28,3,6,1,INV315815,5,3.65,184.36,133.02,539.89,399.75,140.14,EUR
20251213,15,20,4,9,2,INV292461,4,31.86,22.28,69.8,640.04,503.13,136.91,EUR
20240223,10,7,2,2,1,INV721418,5,41.73,187.04,368.89,7436.29,3892.52,3543.77,EUR
20250423,20,6,2,4,2,INV285006,5,13.2,64.22,76.0,771.7,533.0,238.7,EUR
20241005,31,3,3,7,2,INV275915,4,22.63,106.01,352.62,2046.39,1489.97,556.42,EUR
20250508,2,25,4,7,1,INV895720,3,30.16,39.03,171.07,1006.07,580.69,425.38,EUR
20250419,20,15,3,7,3,INV735463,4,4.53,35.96,15.29,147.61,80.66,66.95,EUR
20240713,1,1,3,8,2,INV536019,4,48.55,80.9,384.56,3543.14,2452.97,1090.17,EUR
20250825,5,14,1,2,2,INV693083,2,10.52,92.9,49.89,927.42,717.75,209.67,EUR
20241222,33,23,4,11,3,INV486065,1,32.89,186.04,900.28,5218.58,2988.71,2229.87,EUR
20240205,24,21,1,12,3,INV776681,2,13.81,96.54,181.6,1151.62,663.66,487.96,EUR
20250908,38,22,2,1,1,INV908422,1,32.58,184.21,477.32,5524.24,3733.55,1790.69,EUR
20240323,34,30,2,7,1,INV970055,4,13.39,67.42,174.72,728.03,507.83,220.2,EUR
20250126,38,10,4,13,3,INV193190,1,32.17,157.57,349.15,4719.88,2562.02,2157.86,EUR
20240802,26,23,3,1,1,INV956046,4,1.08,23.27,3.5,21.63,14.22,7.41,EUR
20251101,19,24,4,3,1,INV492850,2,35.5,47.62,61.53,1628.98,1278.01,350.97,EUR
20250406,37,27,2,3,1,INV161847,2,40.65,46.46,371.28,1517.32,1155.42,361.9,EUR
20250327,40,4,2,2,2,INV189870,4,7.11,22.21,0.94,156.97,89.54,67.43,EUR
20250511,7,1,1,5,1,INV797640,5,39.67,17.95,30.06,682.02,503.01,179.01,EUR
20250119,39,17,3,8,2,INV893679,3,30.61,73.94,308.65,1954.65,1178.5,776.15,EUR
20241118,16,12,4,7,3,INV160022,3,43.78,163.19,4.41,7140.05,5434.74,1705.31,EUR
20250215,9,1,1,14,3,INV393042,2,19.05,127.49,320.04,2108.64,1354.93,753.71,EUR
20250227,13,1,3,1,3,INV477702,1,48.51,149.8,985.28,6281.52,3580.89,2700.63,EUR
20250511,26,24,1,6,2,INV599250,1,36.98,65.83,94.98,2339.41,1270.18,1069.23,EUR
20250616,37,26,1,3,2,INV935527,1,15.77,137.88,238.64,1935.73,1475.87,459.86,EUR
20240621,29,4,4,11,3,INV352603,2,11.37,153.12,229.72,1511.25,796.17,715.08,EUR
20250321,2,6,3,7,2,INV331081,3,33.63,190.79,860.55,5555.72,3887.02,1668.7,EUR
20250701,32,3,3,14,1,INV703950,5,4.17,75.21,57.09,256.54,185.45,71.09,EUR
20250125,36,28,4,13,1,INV334410,3,6.67,26.66,3.17,174.65,126.13,48.52,EUR
20240711,8,19,3,3,2,INV498663,5,37.11,69.05,302.4,2260.05,1258.75,1001.3,EUR
20250201,28,11,3,13,3,INV935259,2,26.47,124.31,146.19,3144.3,1945.04,1199.26,EUR
20250705,30,11,2,14,2,INV977885,2,25.49,96.6,296.2,2166.13,1177.86,988.27,EUR
20251112,3,20,3,5,3,INV822049,1,14.4,171.06,282.77,2180.49,1503.06,677.43,EUR
20240808,32,10,4,1,2,INV260119,2,42.56,187.54,359.29,7622.41,5493.61,2128.8,EUR
20240702,32,24,4,5,3,INV989735,2,49.56,114.11,381.63,5273.66,3709.33,1564.33,EUR
20241222,26,13,1,9,3,INV396788,3,35.12,47.07,283.09,1370.01,846.85,523.16,EUR
20240514,21,25,1,14,3,INV418844,4,33.08,119.66,349.83,3608.52,2326.53,1281.99,EUR
20240528,14,7,2,12,3,INV109576,3,36.57,119.38,592.27,3773.46,3005.73,767.73,EUR
20240531,25,14,2,1,1,INV472856,4,9.8,19.97,38.37,157.34,109.36,47.98,EUR
20250830,28,5,4,4,1,INV224573,2,20.44,67.51,164.53,1215.37,670.58,544.79,EUR
20250119,6,25,4,14,3,INV500661,3,31.98,94.57,7.02,3017.33,1614.24,1403.09,EUR
20240504,32,21,2,1,3,INV700815,5,24.5,141.81,65.7,3408.65,2310.6,1098.05,EUR
20250128,31,21,4,5,3,INV231319,1,16.94,145.62,425.38,2041.42,1349.9,691.52,EUR
20250219,2,13,4,2,3,INV977809,5,27.41,165.58,591.55,3947.0,2865.73,1081.27,EUR
20240731,8,6,2,1,3,INV568957,3,7.03,34.48,10.0,232.39,127.43,104.96,EUR
20250729,17,28,1,2,1,INV630734,3,18.81,113.44,180.54,1953.27,1530.52,422.75,EUR
20240101,16,10,1,9,2,INV791176,5,22.8,119.64,379.22,2348.57,1542.54,806.03,EUR
20241226,39,18,2,12,1,INV794804,1,12.62,45.73,34.59,542.52,406.78,135.74,EUR
20240517,39,18,2,10,2,INV390870,2,36.73,90.18,364.25,2948.06,1704.58,1243.48,EUR
20251027,11,13,4,2,2,INV809388,4,47.07,37.22,71.4,1680.55,1157.68,522.87,EUR
20241002,13,23,3,10,3,INV779237,5,30.64,89.74,84.41,2665.22,2126.14,539.08,EUR
20250320,25,1,2,2,2,INV230674,5,6.39,114.19,9.63,720.04,498.31,221.73,EUR
20250106,22,25,3,3,1,INV386939,1,5.8,196.1,50.55,1086.83,853.74,233.09,EUR
20240506,12,17,3,10,2,INV200181,5,18.1,118.71,121.18,2027.47,1178.6,848.87,EUR
20240411,4,6,3,13,2,INV289448,3,40.5,138.78,886.65,4733.94,3150.44,1583.5,EUR
20250216,31,19,2,5,1,INV820013,5,35.95,134.94,138.42,4712.67,3158.75,1553.92,EUR
20240930,4,30,3,12,1,INV811160,5,21.49,96.98,182.97,1901.13,1152.47,748.66,EUR
20250424,33,10,3,7,3,INV853367,2,15.95,173.01,522.9,2236.61,1391.07,845.54,EUR
20241116,6,21,1,2,3,INV351696,1,9.09,20.91,28.26,161.81,107.81,54.0,EUR
20250519,1,14,2,8,2,INV640028,5,35.2,87.04,377.64,2686.17,2077.12,609.05,EUR
20240108,28,23,3,4,3,INV793291,5,34.52,18.05,55.91,567.18,312.27,254.91,EUR
20250620,15,6,1,6,1,INV638637,3,47.67,90.32,326.44,3979.11,2435.16,1543.95,EUR
20240425,22,30,2,14,3,INV992104,1,15.21,101.79,81.98,1466.25,734.11,732.14,EUR
20251008,37,13,2,5,3,INV640571,1,46.84,179.57,1427.11,6983.95,3612.44,3371.51,EUR
20240107,40,15,3,5,2,INV212369,1,18.14,147.26,214.81,2456.49,1234.78,1221.71,EUR
20250317,32,7,1,9,3,INV261177,4,7.07,102.61,22.58,702.87,489.89,212.98,EUR
20240819,31,13,3,5,2,INV549148,2,27.28,61.2,330.36,1339.18,933.25,405.93,EUR
20250325,11,5,3,12,2,INV106092,3,44.3,144.75,141.93,6270.49,3671.18,2599.31,EUR
20240516,26,14,3,1,1,INV798566,2,47.47,192.34,1794.9,7335.48,3929.16,3406.32,EUR
20250515,36,16,2,6,2,INV626236,4,7.44,191.96,226.43,1201.75,646.35,555.4,EUR
20241218,33,1,2,1,3,INV970145,3,22.05,123.45,4.37,2717.7,1750.36,967.34,EUR
20241015,32,3,4,4,3,INV259903,5,10.16,63.42,14.82,629.53,364.54,264.99,EUR
20251218,16,22,4,4,2,INV840777,1,35.36,105.44,135.11,3593.25,2866.57,726.68,EUR
20250828,10,8,1,3,2,INV140230,3,49.53,186.53,787.71,8451.12,5788.51,2662.61,EUR
20240403,4,13,4,9,2,INV834169,2,11.87,90.95,13.25,1066.33,669.79,396.54,EUR
20240222,20,4,3,6,2,INV468075,4,13.1,180.07,85.75,2273.17,1136.95,1136.22,EUR
20251107,21,7,3,8,2,INV735984,1,22.11,57.93,125.85,1154.98,693.32,461.66,EUR
20240424,7,22,1,11,3,INV907889,2,17.23,150.85,187.86,2411.29,1769.02,642.27,EUR
20250625,39,12,2,11,2,INV320235,5,19.82,178.57,92.36,3446.9,2491.34,955.56,EUR
20240503,3,19,2,4,3,INV567423,1,4.67,113.85,36.46,495.22,355.37,139.85,EUR
20240725,35,24,2,1,1,INV301019,4,27.97,57.98,284.47,1337.23,1010.99,326.24,EUR
20250727,23,29,3,8,3,INV852170,1,45.63,22.86,87.41,955.69,744.86,210.83,EUR
20250530,2,6,3,12,1,INV403726,1,47.83,21.55,200.47,830.27,462.51,367.76,EUR
20250211,32,22,1,3,2,INV887195,5,19.82,158.08,251.18,2881.97,1675.72,1206.25,EUR
20240707,1,6,2,10,3,INV109291,5,23.32,144.47,353.8,3015.24,1782.08,1233.16,EUR
20240813,19,23,3,9,1,INV279420,2,3.24,55.26,1.4,177.64,96.71,80.93,EUR
20241011,9,9,1,11,1,INV963408,2,27.2,10.27,19.41,259.93,177.15,82.78,EUR
20250112,21,3,3,12,1,INV528178,5,15.45,197.2,381.42,2665.32,1340.98,1324.34,EUR
20241230,15,24,3,3,2,INV116398,5,33.21,174.92,1090.97,4718.12,3184.63,1533.49,EUR
20251205,25,21,3,14,3,INV765117,5,27.99,165.2,204.04,4419.91,2566.37,1853.54,EUR
20250818,26,5,4,4,3,INV861566,4,19.06,181.41,64.79,3392.88,1881.2,1511.68,EUR
20240708,12,7,4,12,1,INV779020,3,2.03,40.95,2.95,80.18,49.57,30.61,EUR
20250914,13,3,2,2,2,INV357167,4,45.55,194.37,177.49,8676.06,5709.14,2966.92,EUR
20240113,39,4,4,7,1,INV215380,1,38.41,132.45,44.5,5042.9,2897.16,2145.74,EUR
20240326,18,5,1,13,1,INV930116,1,27.58,165.47,778.31,3785.35,1989.16,1796.19,EUR
20240522,31,25,4,14,1,INV422316,3,24.47,56.32,149.81,1228.34,712.73,515.61,EUR
20250710,8,1,1,2,3,INV411152,1,26.07,168.93,124.93,4279.08,3310.51,968.57,EUR
20240125,15,14,4,3,2,INV787199,3,12.07,177.01,164.4,1972.11,1509.19,462.92,EUR
20240425,32,6,1,4,1,INV395503,3,4.74,73.41,25.09,322.87,251.0,71.87,EUR
20240327,3,20,2,3,2,INV656249,3,30.38,139.09,126.95,4098.6,2869.77,1228.83,EUR
20241104,40,27,3,6,1,INV384261,4,33.42,187.25,1014.68,5243.22,3740.47,1502.75,EUR
20240319,1,28,2,13,3,INV253709,3,8.24,94.87,124.58,657.15,521.06,136.09,EUR
20240309,8,19,4,12,2,INV251695,1,16.83,34.23,88.43,487.66,295.42,192.24,EUR
20250521,28,16,4,10,3,INV449663,2,40.3,134.25,266.09,5144.18,3218.19,1925.99,EUR
20250524,35,18,4,9,3,INV961304,2,19.85,120.38,201.6,2187.94,1473.28,714.66,EUR
20251211,15,23,1,4,2,INV103005,2,49.7,13.26,73.6,585.42,460.89,124.53,EUR
20240422,4,30,3,6,1,INV409012,4,8.06,172.13,269.65,1117.72,864.99,252.73,EUR
20240905,14,27,2,1,3,INV244495,1,48.14,143.75,522.42,6397.7,3249.42,3148.28,EUR
20250310,24,2,1,11,3,INV177353,4,42.03,175.39,44.5,7327.14,4466.43,2860.71,EUR
20240321,16,3,1,10,2,INV256989,2,24.02,36.62,92.79,786.82,617.36,169.46,EUR
20250426,27,24,3,8,3,INV829019,1,15.05,39.62,105.08,491.2,250.33,240.87,EUR
20240626,33,6,1,7,2,INV812930,4,28.15,167.61,867.35,3850.87,2505.23,1345.64,EUR
20251227,15,14,2,5,1,INV646833,4,48.92,33.78,70.02,1582.5,1085.14,497.36,EUR
20240812,26,6,1,14,3,INV591190,4,16.35,131.96,356.97,1800.58,989.32,811.26,EUR
20250115,28,7,3,2,1,INV181588,3,30.56,170.86,29.29,5192.19,3035.68,2156.51,EUR
20250708,7,3,2,10,1,INV893270,3,10.2,48.33,91.61,401.36,229.62,171.74,EUR
20240328,37,19,1,10,2,INV147899,1,16.41,189.27,5.27,3100.65,1882.08,1218.57,EUR
20241016,26,17,2,6,2,INV860939,3,48.72,143.5,136.16,6855.16,4265.18,2589.98,EUR
20250530,7,17,2,1,3,INV934739,4,24.37,175.07,31.92,4234.54,2322.08,1912.46,EUR
20251129,30,3,1,12,1,INV326122,2,38.67,40.6,302.59,1267.41,830.01,437.4,EUR
20250915,34,30,3,8,1,INV455488,3,18.66,172.63,277.61,2943.67,2258.4,685.27,EUR
20251130,25,8,2,10,3,INV178641,2,28.78,198.94,111.54,5613.95,2832.14,2781.81,EUR
20241112,36,28,1,8,1,INV576900,3,9.32,66.17,8.41,608.29,409.35,198.94,EUR
20241227,6,3,2,12,2,INV370473,4,48.95,155.0,670.78,6916.47,5375.81,1540.66,EUR
20240506,37,16,1,6,2,INV520415,4,42.99,184.26,204.35,7716.99,4707.52,3009.47,EUR
20251001,21,12,1,11,2,INV630519,4,13.88,176.35,334.14,2113.6,1450.32,663.28,EUR
20251021,4,24,2,12,3,INV108328,2,42.8,65.23,88.34,2703.5,1675.59,1027.91,EUR
20240315,15,13,4,11,1,INV465887,4,23.96,111.67,437.89,2237.72,1192.11,1045.61,EUR
20240703,7,30,4,13,2,INV309160,4,17.11,70.28,239.64,962.85,621.89,340.96,EUR
20251220,31,4,3,8,1,INV671559,2,47.48,37.65,76.32,1711.3,1147.36,563.94,EUR
20250907,25,2,3,13,2,INV596405,2,3.65,174.92,121.64,516.82,364.41,152.41,EUR
20241003,17,21,2,2,1,INV172623,3,20.85,66.68,198.03,1192.25,907.76,284.49,EUR
20250621,14,22,3,3,1,INV196931,4,17.76,153.1,89.48,2629.58,1590.32,1039.26,EUR
20250305,31,16,2,12,2,INV471921,5,20.07,11.89,37.37,201.26,136.68,64.58,EUR
20240320,38,20,2,6,3,INV963506,3,1.7,180.34,57.26,249.32,162.02,87.3,EUR
20241120,8,26,4,5,3,INV857371,1,49.42,189.23,1603.39,7748.36,5348.6,2399.76,EUR
20251016,38,4,1,4,3,INV296772,4,35.13,157.13,663.44,4856.54,2743.17,2113.37,EUR
20240802,13,22,1,6,2,INV116977,3,44.94,105.4,822.06,3914.62,2778.58,1136.04,EUR
20251026,30,14,4,6,2,INV968415,5,21.87,195.07,286.54,3979.64,3095.78,883.86,EUR
20250414,28,12,2,9,3,INV270558,5,22.36,64.16,189.26,1245.36,876.84,368.52,EUR
20251011,19,23,1,2,1,INV193992,1,31.2,88.14,273.02,2476.95,1797.07,679.88,EUR
20250711,7,21,4,9,3,INV945016,1,33.72,171.82,245.51,5548.26,4067.23,1481.03,EUR
20250718,25,4,2,14,2,INV230485,3,48.41,183.67,734.32,8157.14,6086.25,2070.89,EUR
20251221,26,1,3,13,1,INV632216,3,14.11,135.15,117.24,1789.73,1379.53,410.2,EUR
20250228,16,1,4,1,1,INV127521,2,39.73,169.75,700.0,6044.17,4366.15,1678.02,EUR
20241121,22,6,4,4,3,INV510373,2,31.2,84.73,27.27,2616.31,2039.63,576.68,EUR
20250315,9,21,4,12,1,INV522700,3,26.35,93.11,48.86,2404.59,1780.24,624.35,EUR
20250531,8,21,4,14,3,INV372871,5,8.79,71.26,11.68,614.7,312.08,302.62,EUR
20240112,38,5,1,10,3,INV670081,1,29.02,14.81,63.11,366.68,291.52,75.16,EUR
20251011,23,6,2,11,1,INV411345,2,27.24,56.6,240.53,1301.25,957.48,343.77,EUR
20240923,4,9,1,3,3,INV124264,5,43.48,31.08,250.6,1100.76,590.89,509.87,EUR
20240525,19,9,2,2,1,INV618253,3,45.72,49.51,45.58,2218.02,1638.3,579.72,EUR
20250227,5,16,1,4,3,INV540304,4,44.6,130.37,524.33,5290.17,2900.76,2389.41,EUR
20241101,1,29,2,11,3,INV761875,5,42.89,32.27,94.89,1289.17,778.7,510.47,EUR
20250920,39,18,1,3,3,INV877725,3,46.4,46.64,12.79,2151.31,1090.52,1060.79,EUR
20250608,10,7,3,2,1,INV130930,3,7.79,25.85,27.85,173.52,93.35,80.17,EUR
20241007,31,7,1,6,3,INV678286,3,23.89,163.71,341.09,3569.94,2798.49,771.45,EUR
20240716,17,6,2,11,3,INV394736,4,6.04,160.7,114.06,856.57,470.85,385.72,EUR
20240729,32,14,4,7,3,INV883369,3,40.98,128.35,638.85,4620.93,2905.61,1715.32,EUR
20250803,23,12,1,8,1,INV135399,5,13.4,87.86,142.19,1035.13,789.99,245.14,EUR
20250627,23,13,1,2,1,INV948340,3,22.04,45.32,49.01,949.84,536.24,413.6,EUR
20250115,24,5,3,2,1,INV434064,1,36.12,50.62,207.51,1620.88,966.8,654.08,EUR
20240826,36,3,4,5,3,INV322481,5,11.66,116.58,194.73,1164.59,912.9,251.69,EUR
20251118,5,19,4,11,2,INV433219,3,10.71,19.44,20.57,187.63,96.45,91.18,EUR
20241008,27,4,1,8,1,INV730645,3,29.97,54.92,7.0,1638.95,828.24,810.71,EUR
20250812,1,30,4,5,1,INV982526,4,2.81,111.36,33.01,279.91,168.29,111.62,EUR
20240117,5,16,1,14,2,INV858386,3,14.46,153.2,177.37,2037.9,1359.15,678.75,EUR
20241116,32,20,1,7,2,INV830288,4,25.17,131.81,604.13,2713.53,2043.08,670.45,EUR
20250924,7,1,2,1,1,INV245473,1,49.68,173.66,1249.69,7377.74,4189.84,3187.9,EUR
20240331,13,24,3,14,3,INV105181,1,13.72,159.14,48.39,2135.01,1674.15,460.86,EUR
20240317,17,11,4,5,3,INV278612,2,29.59,32.78,61.95,908.01,494.32,413.69,EUR
20250821,27,21,4,11,1,INV647108,5,12.79,100.81,126.38,1162.98,679.37,483.61,EUR
20250509,15,3,3,13,2,INV845937,1,18.3,168.75,149.7,2938.43,2039.68,898.75,EUR
20240729,5,3,4,1,1,INV113765,2,23.94,83.16,194.17,1796.68,1081.84,714.84,EUR
20250827,34,17,3,13,2,INV842929,4,33.11,171.08,119.7,5544.76,2988.73,2556.03,EUR
20250107,25,15,2,13,2,INV297083,1,14.61,41.2,36.98,564.95,429.9,135.05,EUR
20251025,7,5,4,2,3,INV215552,2,1.81,97.56,9.42,167.16,107.46,59.7,EUR
20250627,29,12,3,2,3,INV188150,3,22.14,38.62,85.88,769.17,501.79,267.38,EUR
20240224,29,9,3,2,1,INV780129,4,36.87,90.29,195.75,3133.24,1945.14,1188.1,EUR
20250831,18,17,4,9,2,INV214488,1,32.67,192.2,275.76,6003.41,3097.41,2906.0,EUR
20240206,37,9,2,2,3,INV205939,3,12.1,127.84,221.46,1325.4,818.53,506.87,EUR
20240413,15,24,3,8,1,INV279337,2,18.03,64.72,139.17,1027.73,740.13,287.6,EUR
20240406,12,17,4,12,2,INV993978,2,9.34,139.47,43.42,1259.23,755.09,504.14,EUR
20250411,10,1,4,7,2,INV121838,2,48.74,177.44,295.3,8353.13,6081.73,2271.4,EUR
20240110,39,12,4,10,1,INV612027,2,24.16,18.58,1.56,447.33,314.93,132.4,EUR
20241024,15,17,2,13,1,INV912915,1,5.9,162.74,64.46,895.71,579.7,316.01,EUR
20241225,35,9,4,5,2,INV581035,1,41.56,67.22,186.47,2607.19,1708.62,898.57,EUR
20251110,39,16,1,5,3,INV644534,1,8.25,87.96,31.97,693.7,553.73,139.97,EUR
20241231,32,1,2,10,3,INV829605,4,18.61,151.43,109.25,2708.86,2130.37,578.49,EUR
20251016,7,9,4,9,1,INV378196,3,44.51,84.29,313.12,3438.63,2744.66,693.97,EUR
20241112,13,2,3,14,3,INV228934,4,39.97,117.67,745.49,3957.78,2390.89,1566.89,EUR
20240422,1,16,2,8,3,INV257525,5,48.37,128.52,825.95,5390.56,3186.33,2204.23,EUR
20241022,5,26,3,1,2,INV142942,2,14.87,122.68,19.41,1804.84,1068.01,736.83,EUR
20250316,23,22,1,1,2,INV244408,3,44.06,159.2,704.23,6310.12,4969.58,1340.54,EUR
20250728,10,3,3,3,3,INV306283,4,29.68,25.34,32.92,719.17,461.67,257.5,EUR
20241229,16,26,4,7,2,INV202905,3,46.09,123.44,197.2,5492.15,3464.15,2028.0,EUR
20241126,38,5,2,5,1,INV536535,5,10.78,67.95,43.56,688.94,536.09,152.85,EUR
20250417,35,6,4,13,2,INV200707,2,26.8,141.89,383.17,3419.48,2412.61,1006.87,EUR
20250101,30,12,4,8,2,INV530187,4,2.36,116.19,52.51,221.7,138.85,82.85,EUR
20240523,40,30,3,13,1,INV708512,5,19.28,127.97,444.06,2023.2,1544.39,478.81,EUR
20240224,26,5,4,11,1,INV585289,5,23.55,20.33,5.24,473.53,354.66,118.87,EUR
20251027,7,11,1,14,2,INV692910,4,34.84,174.22,147.43,5922.39,3999.89,1922.5,EUR
20250607,4,23,2,9,1,INV689351,4,7.68,180.06,176.91,1205.95,658.97,546.98,EUR
20251005,20,24,1,13,2,INV753959,2,6.62,10.01,8.0,58.27,31.25,27.02,EUR
20240409,16,7,1,8,1,INV973176,5,22.75,20.57,11.4,456.57,283.7,172.87,EUR
20240707,16,27,3,14,3,INV814416,4,43.11,127.26,474.39,5011.79,3462.44,1549.35,EUR
20240708,10,27,2,3,3,INV877691,5,10.82,101.29,63.44,1032.52,547.24,485.28,EUR
20250825,32,12,3,7,2,INV831541,1,23.73,164.56,115.72,3789.29,2216.84,1572.45,EUR
20240503,37,13,1,10,2,INV135739,5,22.78,182.54,295.01,3863.25,2093.07,1770.18,EUR
20250414,18,1,2,6,3,INV997412,5,11.33,181.48,215.92,1840.25,1203.36,636.89,EUR
20240627,10,12,3,8,3,INV924911,2,14.64,154.9,137.39,2130.35,1316.94,813.41,EUR
20251022,31,13,4,10,3,INV289136,5,35.72,106.33,500.52,3297.59,1905.24,1392.35,EUR
20251215,21,19,3,10,3,INV970198,4,4.31,15.61,9.86,57.42,32.7,24.72,EUR
20251112,7,16,4,6,1,INV909231,2,6.17,177.34,159.35,934.84,575.14,359.7,EUR
20250306,5,2,3,2,1,INV987936,1,22.63,81.12,231.78,1603.97,816.16,787.81,EUR
20240627,21,4,4,7,1,INV768357,5,28.27,47.19,131.03,1203.03,846.52,356.51,EUR
20240818,13,24,2,7,3,INV947954,2,5.21,14.61,14.61,61.51,32.53,28.98,EUR
20240204,9,29,1,6,2,INV695900,5,43.36,74.74,442.27,2798.46,2203.29,595.17,EUR
20251019,34,16,2,14,1,INV698076,4,25.54,77.73,357.24,1627.98,1230.8,397.18,EUR
20240309,29,14,4,14,1,INV696799,1,7.23,108.28,15.8,767.06,498.29,268.77,EUR
20240222,39,18,3,1,1,INV961224,3,46.19,57.76,375.26,2292.67,1193.07,1099.6,EUR
20240610,19,3,2,14,3,INV740939,5,16.3,127.54,226.99,1851.91,1421.42,430.49,EUR
20250819,31,30,3,11,1,INV133842,3,21.65,48.1,184.95,856.41,443.46,412.95,EUR
20240728,36,27,3,13,3,INV165356,2,25.18,163.08,463.08,3643.27,2488.36,1154.91,EUR
20240206,23,3,4,10,3,INV742182,1,44.49,100.97,116.31,4375.85,3137.48,1238.37,EUR
20240416,3,16,2,11,2,INV552476,4,15.87,171.47,528.72,2192.51,1110.36,1082.15,EUR
20240226,2,25,2,9,3,INV497817,1,28.07,19.91,85.58,473.29,335.39,137.9,EUR
20250316,28,18,2,2,2,INV223724,5,49.14,79.86,151.99,3772.33,2380.18,1392.15,EUR
20240229,16,8,1,10,1,INV338158,4,37.63,178.78,1067.22,5660.27,3794.73,1865.54,EUR
20240116,16,27,1,2,1,INV232871,4,9.85,18.31,12.61,167.74,116.84,50.9,EUR
20240907,19,5,4,8,3,INV228320,1,4.74,188.29,36.75,855.74,608.92,246.82,EUR
20241231,15,15,3,6,3,INV406900,2,26.82,60.83,227.68,1403.78,913.91,489.87,EUR
20240225,23,29,4,12,3,INV609825,3,4.84,183.29,149.29,737.83,484.24,253.59,EUR
20241108,36,7,1,6,3,INV956036,2,2.76,54.67,13.29,137.6,100.35,37.25,EUR
20240426,2,16,1,5,2,INV716814,4,15.72,193.37,36.31,3003.47,2271.74,731.73,EUR
20250128,32,1,4,7,2,INV146573,2,11.08,45.04,43.03,456.01,235.15,220.86,EUR
20241108,3,18,3,1,3,INV891127,3,46.21,182.42,1366.01,7063.62,4784.1,2279.52,EUR
20240129,22,24,4,14,2,INV920628,1,40.56,115.13,889.55,3780.12,2947.52,832.6,EUR
20241021,35,15,4,10,3,INV695908,5,13.74,192.46,247.16,2397.24,1912.48,484.76,EUR
20240831,9,30,1,5,3,INV387721,1,49.94,156.55,462.56,7355.55,4937.96,2417.59,EUR
20240209,40,9,3,5,3,INV362682,5,1.6,68.31,14.44,94.86,71.22,23.64,EUR
20240702,29,15,1,8,1,INV589097,1,48.33,101.24,826.24,4066.69,2299.11,1767.58,EUR
20240229,38,3,3,10,3,INV429280,1,22.58,59.02,209.69,1122.98,648.93,474.05,EUR
20250521,9,8,2,3,3,INV787842,1,12.4,134.37,61.4,1604.79,1046.35,558.44,EUR
20250326,38,11,1,9,3,INV339025,1,47.63,198.47,1843.89,7609.24,3841.41,3767.83,EUR
20241227,35,23,1,10,1,INV466718,1,4.8,94.32,46.27,406.47,232.13,174.34,EUR
20241129,37,12,4,2,3,INV547191,3,8.01,72.04,90.96,486.08,291.89,194.19,EUR
20250221,24,16,3,10,1,INV268100,3,3.19,186.76,108.65,487.11,247.29,239.82,EUR
20250915,14,26,3,9,3,INV918805,5,39.39,145.44,1076.96,4651.92,2854.66,1797.26,EUR
20250819,3,22,2,7,3,INV182255,1,47.97,198.54,1076.97,8446.99,6752.05,1694.94,EUR
20251007,36,24,4,9,3,INV227131,5,40.11,125.35,662.86,4364.93,2863.83,1501.1,EUR
20241120,18,7,3,4,2,INV354880,3,12.31,69.82,167.15,692.33,490.12,202.21,EUR
20250331,27,12,1,6,3,INV630205,1,45.82,134.13,743.91,5401.93,3428.55,1973.38,EUR
20250304,15,19,2,9,1,INV914165,4,34.03,136.52,562.65,4083.13,3016.44,1066.69,EUR
20241215,21,4,1,7,2,INV629558,2,29.22,130.2,587.9,3216.54,2476.61,739.93,EUR
20250409,1,6,1,7,2,INV902694,5,35.86,99.27,71.91,3487.91,2653.73,834.18,EUR
20250317,2,23,2,2,1,INV639908,5,46.01,181.81,592.86,7772.22,4824.18,2948.04,EUR
20250724,16,23,3,2,2,INV964776,3,29.98,127.16,757.98,3054.28,1568.59,1485.69,EUR
20241229,29,30,4,11,2,INV876677,4,15.18,100.65,41.13,1486.74,825.19,661.55,EUR
20250826,33,3,2,1,3,INV721856,3,34.02,96.17,209.67,3062.03,1693.35,1368.68,EUR
20250825,18,25,1,4,2,INV617255,3,3.37,108.36,38.36,326.81,213.23,113.58,EUR
20250312,19,11,4,6,1,INV250152,1,40.89,149.58,1210.06,4906.27,2763.23,2143.04,EUR
20250615,18,19,3,2,2,INV398624,2,6.81,62.03,37.08,385.34,295.02,90.32,EUR
20241022,17,20,1,4,3,INV392163,2,5.7,114.91,66.64,588.35,323.98,264.37,EUR
20250904,3,29,2,1,2,INV972944,1,19.11,63.55,230.23,984.21,618.04,366.17,EUR
20250331,34,5,4,5,1,INV851043,1,22.78,92.13,110.42,1988.3,1509.82,478.48,EUR
20241012,8,12,1,12,1,INV862693,1,17.03,106.34,100.0,1710.97,1179.18,531.79,EUR
20250609,5,23,3,1,2,INV205317,5,16.56,169.87,371.96,2441.09,1863.22,577.87,EUR
20240206,1,8,2,10,2,INV330906,2,14.0,38.77,88.35,454.43,327.22,127.21,EUR
20241016,9,7,1,9,3,INV885851,2,1.16,22.78,2.95,23.47,13.2,10.27,EUR
20240701,3,14,3,10,2,INV761679,5,12.5,76.25,101.12,852.0,669.93,182.07,EUR
20241103,15,29,3,11,2,INV614034,4,30.29,113.25,202.68,3227.66,1825.82,1401.84,EUR
20241021,27,15,3,4,3,INV545503,1,9.63,191.7,243.91,1602.16,968.14,634.02,EUR
20250211,9,25,4,14,2,INV730255,4,34.67,15.5,28.8,508.58,287.11,221.47,EUR
20250222,4,18,3,5,3,INV433046,4,20.18,93.97,151.2,1745.11,1350.21,394.9,EUR
20241001,32,24,2,6,3,INV958285,1,16.12,87.86,162.17,1254.13,689.72,564.41,EUR
20240730,8,20,3,3,3,INV665987,1,47.56,14.01,50.53,615.79,452.07,163.72,EUR
20241207,23,25,1,11,1,INV643842,2,18.74,47.7,28.07,865.83,572.06,293.77,EUR
20240822,19,26,2,6,2,INV533476,2,28.09,57.25,4.39,1603.76,1208.67,395.09,EUR
20250623,7,17,4,13,2,INV144339,2,14.87,14.61,27.44,189.81,134.09,55.72,EUR
20240204,18,24,1,14,2,INV787106,4,7.43,150.7,60.46,1059.24,556.6,502.64,EUR
20240316,33,24,4,1,1,INV878727,5,30.64,38.85,175.19,1015.17,748.98,266.19,EUR
20240717,39,28,3,13,2,INV545804,5,37.43,67.41,231.58,2291.58,1214.32,1077.26,EUR
20251102,37,16,4,5,2,INV197582,2,48.38,116.59,545.28,5095.34,3935.13,1160.21,EUR
20250630,33,8,4,1,2,INV862899,4,47.62,154.91,1054.26,6322.55,4019.13,2303.42,EUR
20250814,2,13,2,8,2,INV599967,5,6.34,69.02,12.58,425.01,292.82,132.19,EUR
20240326,7,18,2,4,2,INV722234,2,5.11,86.61,74.18,368.4,242.05,126.35,EUR
20250803,15,2,4,5,2,INV426584,3,41.88,16.94,97.76,611.69,415.72,195.97,EUR
20240106,18,23,2,13,3,INV933298,4,27.73,69.47,251.21,1675.19,999.34,675.85,EUR
20251226,31,17,1,2,2,INV833222,1,19.41,153.81,96.78,2888.67,2092.68,795.99,EUR
20240619,13,15,1,1,2,INV619238,2,31.68,109.67,97.19,3377.16,2574.29,802.87,EUR
20250304,26,1,3,2,2,INV408515,3,26.6,126.87,250.83,3123.91,2171.32,952.59,EUR
20240524,19,17,2,13,3,INV849181,3,26.45,57.74,141.38,1385.84,1082.15,303.69,EUR
20240518,11,17,4,1,2,INV536525,2,8.37,22.74,37.19,153.14,90.9,62.24,EUR
20240711,13,23,1,9,2,INV447115,1,3.99,99.05,12.37,382.84,231.67,151.17,EUR
20250726,15,12,1,4,2,INV397992,4,29.64,68.09,252.07,1766.12,1096.73,669.39,EUR
20240917,36,18,2,2,3,INV259825,1,36.8,63.2,122.31,2203.45,1169.36,1034.09,EUR
20250618,38,21,4,6,3,INV909478,5,30.63,193.67,874.71,5057.4,3463.14,1594.26,EUR
20250429,14,6,1,13,1,INV326957,1,46.55,126.84,169.26,5735.14,3685.63,2049.51,EUR
20240101,21,3,1,3,3,INV946446,4,21.84,99.62,131.66,2044.04,1488.07,555.97,EUR
20240903,36,13,4,13,2,INV840551,4,18.39,169.34,197.42,2916.74,1526.8,1389.94,EUR
20250911,14,6,3,12,1,INV980673,4,28.46,103.12,463.09,2471.71,1744.06,727.65,EUR
20250725,28,21,3,3,1,INV483450,4,38.77,75.74,249.06,2687.38,1841.1,846.28,EUR
20240714,25,12,2,12,1,INV305349,4,18.69,47.03,103.05,775.94,464.43,311.51,EUR
20250112,17,17,1,10,2,INV135156,3,32.44,85.68,553.52,2225.94,1583.27,642.67,EUR
20241007,4,19,1,14,3,INV593679,5,31.98,103.16,312.39,2986.67,2277.28,709.39,EUR
20250712,7,2,3,1,3,INV847960,2,35.58,43.61,264.07,1287.57,675.78,611.79,EUR
20240502,4,15,1,6,1,INV999563,5,14.6,171.99,329.0,2182.05,1573.77,608.28,EUR
20241206,21,29,2,10,3,INV484047,5,1.69,136.25,19.18,211.08,147.82,63.26,EUR
20240303,5,7,2,12,2,INV188047,2,22.73,62.35,56.32,1360.9,886.82,474.08,EUR
20240626,1,10,3,9,2,INV223432,3,23.85,168.86,69.35,3957.96,3083.57,874.39,EUR
20240331,8,30,1,3,3,INV190615,2,16.56,129.06,8.59,2128.64,1172.46,956.18,EUR
20240111,14,21,3,8,1,INV859459,2,16.08,139.37,422.51,1818.56,1380.97,437.59,EUR
20240515,20,2,4,12,2,INV286650,3,7.88,69.95,24.91,526.3,292.87,233.43,EUR
20240723,12,10,3,12,2,INV377395,1,25.0,119.95,209.23,2789.52,1931.88,857.64,EUR
20250405,11,2,4,3,3,INV696337,2,49.69,92.43,593.4,3999.45,2818.03,1181.42,EUR
20241022,14,11,3,2,3,INV910978,2,13.65,98.86,8.49,1340.95,716.86,624.09,EUR
20251105,12,16,2,8,3,INV438680,3,28.62,135.08,696.86,3169.13,1891.06,1278.07,EUR
20240417,23,28,1,3,2,INV598593,3,17.5,181.57,118.91,3058.57,1857.78,1200.79,EUR
20240615,30,18,2,13,1,INV560333,5,23.37,119.43,242.81,2548.27,1579.42,968.85,EUR
20240906,17,24,3,10,2,INV605998,4,15.71,194.45,536.08,2518.73,1836.03,682.7,EUR
20250603,7,14,4,13,2,INV705540,4,30.06,41.16,41.17,1196.1,705.91,490.19,EUR
20250903,34,7,2,3,3,INV449330,1,48.55,68.76,511.31,2826.99,2093.24,733.75,EUR
20250414,26,6,4,1,3,INV254655,2,44.26,67.24,47.84,2928.2,1671.58,1256.62,EUR
20240727,28,3,2,3,3,INV682324,3,1.24,40.27,1.0,48.93,32.54,16.39,EUR
20250207,14,30,4,11,2,INV971730,4,35.6,154.98,105.74,5411.55,2914.39,2497.16,EUR
20240516,26,25,3,5,3,INV865850,4,30.25,111.48,233.95,3138.32,2199.85,938.47,EUR
20250823,2,8,2,13,1,INV487063,3,17.65,166.42,358.68,2578.63,1870.81,707.82,EUR
20240320,15,5,4,4,1,INV321493,3,22.33,74.52,217.67,1446.36,907.9,538.46,EUR
20241018,20,13,4,1,2,INV542223,2,9.01,139.64,209.92,1048.24,670.33,377.91,EUR
20240325,23,22,1,11,2,INV942583,1,8.88,34.46,31.03,274.97,194.1,80.87,EUR
20240112,32,21,4,7,1,INV417670,4,13.67,130.48,215.34,1568.32,1161.69,406.63,EUR
20250406,33,12,4,12,2,INV985174,5,48.62,31.22,54.29,1463.63,918.02,545.61,EUR
20250127,6,5,1,6,3,INV718820,3,10.68,164.44,255.58,1500.64,955.15,545.49,EUR
20240219,30,10,1,2,2,INV582607,3,3.45,123.87,31.56,395.79,248.44,147.35,EUR
20251122,19,25,1,9,2,INV287410,3,18.49,13.33,16.0,230.47,159.21,71.26,EUR
20250902,8,12,1,9,3,INV515461,2,9.59,111.65,26.99,1043.73,567.16,476.57,EUR
20250520,28,29,3,6,2,INV822460,5,12.96,166.86,361.1,1801.41,1296.67,504.74,EUR
20250620,37,15,1,2,2,INV490904,1,8.19,195.6,204.35,1397.61,1068.63,328.98,EUR
20250126,33,24,1,6,3,INV885663,3,21.7,14.25,58.77,250.45,144.52,105.93,EUR
20251030,6,27,4,2,1,INV698626,3,49.75,126.96,681.09,5635.17,4159.41,1475.76,EUR
20251211,4,12,4,4,2,INV388134,2,14.57,137.57,242.38,1762.01,1361.9,400.11,EUR
20251125,19,9,1,7,1,INV119628,4,33.2,62.21,191.02,1874.35,1381.54,492.81,EUR
20251012,21,4,2,4,1,INV843449,3,11.83,126.16,217.35,1275.12,870.65,404.47,EUR
20250416,38,14,3,9,2,INV598705,5,1.62,74.71,8.38,112.65,71.34,41.31,EUR
20250418,32,7,2,11,2,INV368113,4,2.58,171.94,85.86,357.75,246.64,111.11,EUR
20250728,23,3,2,12,3,INV487125,3,15.3,69.91,144.29,925.33,470.87,454.46,EUR
20251001,38,6,3,10,2,INV535571,1,37.82,63.94,359.85,2058.36,1640.32,418.04,EUR
20250119,35,5,4,10,1,INV201690,4,11.7,198.5,265.11,2057.34,1138.92,918.42,EUR
20240611,26,18,4,6,1,INV538493,5,14.67,156.39,289.2,2005.04,1402.07,602.97,EUR
20251204,21,17,4,4,2,INV618870,4,15.03,185.66,87.6,2702.87,2059.59,643.28,EUR
20250213,19,1,3,13,2,INV788065,2,34.48,28.68,114.74,874.15,546.72,327.43,EUR
20250304,27,7,1,10,1,INV245303,5,31.38,199.79,751.79,5517.62,3970.72,1546.9,EUR
20240124,21,20,2,3,3,INV755879,4,34.53,190.85,29.94,6560.11,4463.52,2096.59,EUR
20251031,25,18,2,14,1,INV580005,3,36.43,55.47,190.83,1829.94,1306.28,523.66,EUR
20240723,21,5,3,2,1,INV317062,5,23.6,56.56,161.05,1173.77,935.39,238.38,EUR
20240630,30,17,1,13,3,INV978576,3,43.73,182.69,391.24,7597.79,5444.68,2153.11,EUR
20240312,1,24,1,11,3,INV526085,5,49.78,173.81,121.76,8530.5,5332.64,3197.86,EUR
20240923,35,4,1,8,2,INV967962,1,15.36,85.7,216.49,1099.86,803.59,296.27,EUR
20250107,26,23,4,7,1,INV208656,2,42.51,154.01,759.2,5787.77,4268.4,1519.37,EUR
20240622,24,14,3,3,1,INV934197,4,11.29,28.45,41.24,279.96,146.2,133.76,EUR
20251227,32,25,2,13,2,INV459077,3,34.77,72.83,228.1,2304.2,1330.39,973.81,EUR
20241008,39,2,2,3,3,INV402441,1,11.83,80.46,69.05,882.79,518.52,364.27,EUR
20240611,37,21,3,8,3,INV561229,3,8.57,162.99,35.91,1360.91,928.46,432.45,EUR
20250128,17,21,2,1,1,INV711561,3,8.27,12.29,7.4,94.24,61.5,32.74,EUR
20250613,26,16,2,6,3,INV263448,5,42.78,69.72,223.32,2759.3,2096.03,663.27,EUR
20250511,11,28,4,3,2,INV498325,1,33.77,22.3,33.86,719.21,404.14,315.07,EUR
20240602,18,20,1,11,1,INV473818,4,23.51,183.41,781.59,3530.38,2654.82,875.56,EUR
20250620,15,24,2,6,3,INV134435,4,31.69,190.89,613.9,5435.4,3160.37,2275.03,EUR
20250701,35,28,1,13,1,INV568328,5,26.62,56.49,239.78,1263.98,701.26,562.72,EUR
20251028,16,8,4,3,1,INV738727,3,28.05,27.36,29.17,738.28,553.13,185.15,EUR
20240306,9,17,3,1,1,INV338641,2,29.7,120.44,332.15,3244.92,2145.15,1099.77,EUR
20240222,21,26,1,4,2,INV222060,4,5.09,47.51,26.23,215.6,121.71,93.89,EUR
20250513,20,19,1,10,2,INV216941,4,39.09,47.01,296.14,1541.48,1054.87,486.61,EUR
20250412,1,9,4,10,2,INV616533,2,17.1,101.82,98.81,1642.31,1139.08,503.23,EUR
20240927,35,8,3,5,3,INV688528,5,16.13,93.61,295.11,1214.82,952.07,262.75,EUR
20250514,1,11,4,8,1,INV287480,1,38.26,137.87,99.77,5175.14,3925.91,1249.23,EUR
20241216,35,27,2,4,1,INV899908,2,11.45,105.34,77.2,1128.94,744.11,384.83,EUR
20240415,20,30,2,10,3,INV262107,3,8.66,155.62,211.8,1135.87,858.39,277.48,EUR
20250916,11,11,4,11,3,INV927062,4,39.21,61.18,447.55,1951.32,1251.96,699.36,EUR
20241106,24,5,3,6,3,INV471126,3,23.04,90.81,164.68,1927.58,1205.0,722.58,EUR
20250217,4,14,3,11,1,INV579083,3,1.95,143.82,11.7,268.75,192.16,76.59,EUR
20241028,24,1,3,7,2,INV441505,5,28.44,47.9,58.57,1303.71,848.56,455.15,EUR
20241007,7,3,2,3,2,INV857962,4,47.13,122.66,1100.75,4680.22,3669.35,1010.87,EUR
20251106,25,23,4,4,2,INV736176,5,19.38,29.27,72.57,494.68,288.31,206.37,EUR
20250113,29,30,3,2,2,INV240807,1,16.9,157.3,219.99,2438.38,1330.21,1108.17,EUR
20240603,38,10,2,9,1,INV559550,2,17.06,113.85,256.65,1685.63,1124.32,561.31,EUR
20241025,2,5,1,14,3,INV845959,3,47.9,78.63,582.06,3184.32,2306.03,878.29,EUR
20240807,12,11,4,4,2,INV479798,3,10.75,194.57,108.36,1983.27,1350.78,632.49,EUR
20240124,9,4,4,7,2,INV945220,4,40.11,168.02,81.26,6658.02,5305.73,1352.29,EUR
20250117,2,19,4,1,3,INV937055,3,39.72,103.48,472.52,3637.71,2511.16,1126.55,EUR
20240318,37,3,1,9,1,INV937383,5,42.47,26.67,208.98,923.69,630.89,292.8,EUR
20240714,5,25,4,14,2,INV588337,4,44.58,198.93,269.96,8598.34,5151.51,3446.83,EUR
20240705,37,11,4,9,3,INV875378,4,44.58,86.28,226.02,3620.34,2487.56,1132.78,EUR
20250203,2,1,2,6,2,INV257805,3,42.92,121.03,797.66,4396.95,2900.71,1496.24,EUR
20251031,13,25,3,12,3,INV260017,2,38.88,49.17,69.43,1842.3,935.64,906.66,EUR
20250908,3,25,2,9,2,INV172631,3,43.66,186.41,1071.32,7067.34,3961.32,3106.02,EUR
20240616,28,9,2,4,2,INV128622,2,44.0,189.43,205.22,8129.7,6376.97,1752.73,EUR
20240127,29,28,2,7,1,INV568516,4,20.56,49.07,76.78,932.1,693.81,238.29,EUR
20240405,12,17,1,3,1,INV226204,4,37.29,78.09,579.69,2332.29,1456.6,875.69,EUR
20240803,6,26,3,8,2,INV633447,1,47.3,13.07,46.99,571.22,357.59,213.63,EUR
20240412,23,12,3,14,1,INV555238,3,12.24,143.23,228.06,1525.08,1133.21,391.87,EUR
20250427,2,9,3,1,1,INV988578,2,9.69,11.76,11.82,102.13,55.36,46.77,EUR
20250426,3,2,2,14,3,INV793058,3,19.21,88.83,53.75,1652.67,911.82,740.85,EUR
20250615,10,24,2,6,1,INV924764,2,2.47,48.77,9.72,110.74,67.77,42.97,EUR
20240928,40,11,1,13,1,INV447688,1,44.55,16.5,128.2,606.88,469.77,137.11,EUR
20240217,35,13,2,3,1,INV115664,3,44.96,27.5,244.36,992.04,529.47,462.57,EUR
20250502,30,14,4,3,3,INV948743,1,16.26,99.2,291.27,1321.72,711.69,610.03,EUR
20251103,35,12,1,8,2,INV885088,5,10.62,51.67,14.25,534.49,418.34,116.15,EUR
20240818,6,24,1,12,2,INV396012,5,6.16,52.98,12.05,314.31,219.33,94.98,EUR
20241202,30,22,3,13,1,INV443874,4,19.36,37.59,107.18,620.56,468.66,151.9,EUR
20250129,4,26,2,3,1,INV249898,1,41.93,55.19,183.63,2130.49,1072.73,1057.76,EUR
20250507,31,28,3,4,3,INV956675,5,20.88,198.61,375.88,3771.1,2182.87,1588.23,EUR
20250326,8,24,3,11,3,INV453737,3,49.84,45.4,154.31,2108.43,1605.76,502.67,EUR
20250716,30,22,1,11,2,INV900345,5,13.88,158.57,187.75,2013.2,1021.95,991.25,EUR
20250710,9,4,2,8,1,INV226120,5,35.92,34.0,84.91,1136.37,722.47,413.9,EUR
20250720,6,28,2,7,3,INV304344,2,42.16,52.15,7.35,2191.29,1577.78,613.51,EUR
20241228,34,20,2,10,3,INV650549,1,40.21,78.9,146.21,3026.36,2373.12,653.24,EUR
20250627,11,12,2,2,3,INV273681,5,12.09,186.82,323.48,1935.17,1281.56,653.61,EUR
20250916,28,28,2,5,1,INV520345,3,20.1,109.13,184.81,2008.7,1291.52,717.18,EUR
20241125,9,24,3,1,1,INV363537,5,33.74,49.66,245.79,1429.74,969.64,460.1,EUR
20240309,4,25,4,3,1,INV604293,2,38.47,163.33,1194.97,5088.34,2914.29,2174.05,EUR
20240612,27,13,2,4,2,INV173957,2,48.2,62.48,537.64,2473.9,1328.59,1145.31,EUR
20250822,10,7,4,3,3,INV388851,3,1.53,32.29,3.07,46.33,24.59,21.74,EUR
20251005,39,16,2,11,2,INV413337,1,27.52,125.91,106.5,3358.54,2566.15,792.39,EUR
20241215,18,2,4,14,2,INV218318,4,21.87,42.01,130.42,788.34,598.86,189.48,EUR
20250513,19,8,1,2,3,INV732622,5,43.39,55.85,411.95,2011.38,1304.1,707.28,EUR
20251219,28,14,1,11,1,INV907346,3,42.27,149.16,1140.87,5164.12,3573.98,1590.14,EUR
20241202,27,22,3,6,1,INV113554,1,35.94,102.25,430.54,3244.32,1837.64,1406.68,EUR
20250320,18,4,4,9,3,INV978090,5,19.42,108.6,390.27,1718.74,1056.64,662.1,EUR
20250908,7,19,1,10,1,INV223179,2,18.67,137.8,465.04,2107.69,1320.57,787.12,EUR
20250207,3,12,4,14,2,INV701195,5,2.83,85.75,39.08,203.59,147.26,56.33,EUR
20250318,2,7,2,1,3,INV444941,1,15.32,88.31,7.68,1345.23,856.89,488.34,EUR
20240916,23,27,3,6,1,INV390070,4,39.4,71.66,394.77,2428.63,1676.83,751.8,EUR
20240613,14,18,3,12,2,INV889912,3,39.27,42.69,167.59,1508.85,794.65,714.2,EUR
20241226,40,18,2,6,2,INV206218,1,32.33,69.46,223.3,2022.34,1124.13,898.21,EUR
20250126,13,9,4,6,2,INV945044,4,44.89,153.41,1321.27,5565.3,3321.53,2243.77,EUR
20240424,13,19,3,9,3,INV773508,5,15.51,116.39,64.23,1740.98,1193.51,547.47,EUR
20240318,13,3,1,12,3,INV795405,4,42.76,37.7,109.67,1502.38,910.65,591.73,EUR
20240516,25,4,3,10,3,INV186205,3,49.97,94.08,38.34,4662.84,3097.97,1564.87,EUR
20251114,18,1,4,4,3,INV329612,2,43.88,93.67,667.11,3443.13,1871.73,1571.4,EUR
20241030,16,1,4,14,2,INV534661,5,28.01,117.94,272.42,3031.08,2286.56,744.52,EUR
20250817,26,21,4,12,2,INV841076,3,40.37,60.08,179.59,2245.84,1729.33,516.51,EUR
20240828,21,18,3,2,3,INV241025,3,43.14,197.39,420.48,8094.92,5354.65,2740.27,EUR
20240511,7,30,4,9,2,INV209898,5,12.16,76.19,130.1,796.37,631.48,164.89,EUR
20240817,30,9,1,8,3,INV559140,4,29.96,22.28,132.94,534.57,270.83,263.74,EUR
20250404,36,21,1,6,2,INV840618,2,4.13,77.34,60.99,258.42,150.61,107.81,EUR
20240915,2,23,4,7,3,INV901494,2,49.32,50.89,226.95,2282.94,1510.21,772.73,EUR
20251121,20,11,2,10,3,INV526919,2,38.55,196.23,887.9,6676.77,5066.47,1610.3,EUR
20250916,4,23,3,10,1,INV912248,1,31.08,110.66,502.4,2936.91,2113.89,823.02,EUR
20240911,39,25,2,14,1,INV130919,4,36.7,73.04,50.48,2630.09,1633.46,996.63,EUR
20251218,25,26,4,7,3,INV597452,2,42.52,44.77,118.48,1785.14,987.58,797.56,EUR
20250316,17,16,1,3,2,INV520927,2,12.11,197.27,302.44,2086.5,1255.9,830.6,EUR
20240406,34,9,1,10,1,INV684191,1,34.45,28.14,0.34,969.08,770.94,198.14,EUR
20240113,1,11,4,5,1,INV938900,5,28.6,173.28,947.26,4008.55,2230.94,1777.61,EUR
20250927,32,6,2,6,1,INV816367,2,30.39,119.06,645.09,2973.14,2116.61,856.53,EUR
20240630,33,5,4,1,3,INV140657,5,44.52,160.79,172.21,6986.16,5451.12,1535.04,EUR
20241025,7,12,2,10,3,INV275516,1,25.38,124.67,631.14,2532.98,1965.59,567.39,EUR
20250410,36,27,4,13,2,INV222034,5,4.21,56.78,6.76,232.28,183.06,49.22,EUR
20250517,13,26,4,1,2,INV161471,4,40.73,182.84,1053.97,6393.1,4805.81,1587.29,EUR
20240411,34,3,3,9,3,INV703022,5,26.56,153.82,525.55,3559.91,2081.72,1478.19,EUR
20240518,29,25,2,5,3,INV547028,4,22.32,25.65,2.73,569.78,302.72,267.06,EUR
20250728,31,20,4,5,2,INV924558,3,38.77,142.79,584.1,4951.87,2537.78,2414.09,EUR
20240401,20,29,2,11,2,INV875167,1,27.18,18.97,31.24,484.36,269.53,214.83,EUR
20250704,4,27,4,12,3,INV649437,2,25.93,139.42,32.33,3582.83,2021.96,1560.87,EUR
20250413,12,29,2,12,2,INV176507,2,25.27,118.52,367.2,2627.8,1349.56,1278.24,EUR
20250125,14,29,1,5,1,INV352064,3,49.24,197.55,1608.07,8119.29,4965.23,3154.06,EUR
20250215,3,5,2,10,1,INV751966,3,44.22,90.34,455.84,3538.99,2686.53,852.46,EUR
20251003,20,7,3,7,3,INV110724,4,41.35,81.66,569.05,2807.59,1563.4,1244.19,EUR
20250514,17,20,1,11,3,INV514678,1,35.1,95.33,443.67,2902.41,1645.35,1257.06,EUR
20251014,8,4,2,13,2,INV169730,2,27.31,41.8,168.97,972.59,765.03,207.56,EUR
20251212,26,10,3,5,3,INV374201,1,38.29,85.03,576.67,2679.13,1502.02,1177.11,EUR
20240329,36,28,4,4,1,INV643398,1,23.98,30.78,33.75,704.35,528.21,176.14,EUR
20240707,6,25,1,4,2,INV745210,3,22.47,37.12,99.59,734.5,376.3,358.2,EUR
20250530,13,25,2,12,2,INV145883,5,1.7,39.02,11.4,54.93,31.6,23.33,EUR
20240628,23,15,2,11,1,INV510320,4,8.5,65.44,7.08,549.16,304.89,244.27,EUR
20240718,22,22,4,1,2,INV172753,2,30.48,64.68,63.52,1907.93,1267.13,640.8,EUR
20241121,4,4,1,7,3,INV660226,1,31.31,42.28,246.97,1076.82,658.06,418.76,EUR
20240526,7,22,2,1,2,INV103587,5,3.86,83.63,36.6,286.21,216.69,69.52,EUR
20251005,3,19,1,1,3,INV964024,4,46.92,132.51,351.24,5866.13,4017.21,1848.92,EUR
20250405,16,22,4,10,2,INV461912,4,24.48,180.73,401.92,4022.35,3072.4,949.95,EUR
20240817,10,10,2,7,2,INV268104,3,37.26,92.03,205.64,3223.4,1652.85,1570.55,EUR
20250224,35,28,2,7,1,INV980945,3,11.2,87.1,172.4,803.12,512.53,290.59,EUR
20250408,29,13,4,6,2,INV441847,4,7.52,110.69,40.95,791.44,564.91,226.53,EUR
20250805,13,28,3,8,3,INV901087,4,19.37,68.31,103.96,1219.2,781.59,437.61,EUR
20250709,29,10,4,1,1,INV327727,3,28.03,39.78,85.7,1029.33,674.47,354.86,EUR
20240703,29,1,2,7,3,INV799393,2,14.39,151.73,246.01,1937.38,1059.28,878.1,EUR
20250215,37,26,2,3,2,INV431864,4,13.04,150.31,298.95,1661.09,1073.07,588.02,EUR
20250917,40,17,1,11,1,INV925189,1,5.2,11.65,10.45,50.13,25.86,24.27,EUR
20240402,21,30,3,4,3,INV257918,2,16.07,22.54,45.15,317.07,188.55,128.52,EUR
20250402,31,11,2,5,2,INV206429,5,8.83,177.31,51.12,1514.53,811.08,703.45,EUR
20250925,27,6,4,12,2,INV823479,2,48.83,136.14,194.97,6452.75,4087.63,2365.12,EUR
20240210,9,29,4,8,2,INV600044,2,38.59,121.37,925.28,3758.39,2287.79,1470.6,EUR
20250327,38,19,2,8,1,INV615655,5,17.85,74.56,22.63,1308.27,799.34,508.93,EUR
20240630,9,20,3,11,2,INV256747,1,49.65,160.28,1064.61,6893.29,5435.17,1458.12,EUR
20241124,19,23,1,6,3,INV938145,4,1.78,179.3,26.66,292.49,161.08,131.41,EUR
20240915,13,17,3,9,1,INV613392,3,45.39,19.88,43.1,859.25,508.67,350.58,EUR
20250404,28,11,1,5,3,INV896671,4,33.31,73.25,15.31,2424.65,1846.64,578.01,EUR
20251001,1,24,1,5,2,INV309340,4,19.62,16.84,44.4,286.0,202.79,83.21,EUR
20241209,24,26,4,7,3,INV458747,2,47.2,146.63,764.6,6156.34,3980.99,2175.35,EUR
20240930,6,30,4,11,1,INV944601,3,43.21,180.21,35.83,7751.04,4174.38,3576.66,EUR
20240419,16,3,2,6,1,INV261487,5,40.27,157.99,1099.0,5263.26,2646.86,2616.4,EUR
20240114,22,28,1,3,3,INV756541,4,31.92,72.87,309.33,2016.68,1378.94,637.74,EUR
20240227,9,7,1,3,1,INV853144,1,1.19,160.4,8.9,181.98,93.72,88.26,EUR
20240322,25,11,2,8,1,INV842640,4,30.67,45.35,80.13,1310.75,921.26,389.49,EUR
20240303,29,6,1,2,1,INV307324,3,8.05,112.98,176.94,732.55,520.1,212.45,EUR
20251220,5,7,2,14,2,INV893023,2,8.96,130.71,138.74,1032.42,702.53,329.89,EUR
20250602,19,7,4,5,2,INV871168,2,27.0,134.42,702.74,2926.6,1684.26,1242.34,EUR
20240614,5,2,1,8,2,INV868516,1,31.37,165.36,82.95,5104.39,3722.79,1381.6,EUR
20250401,1,24,1,6,3,INV908856,3,35.21,125.05,844.76,3558.25,2386.73,1171.52,EUR
20241122,29,12,4,6,2,INV414831,4,16.36,199.83,124.42,3144.8,2126.42,1018.38,EUR
20240213,23,14,4,8,2,INV934930,4,23.72,180.83,387.9,3901.39,2116.99,1784.4,EUR
20250129,27,1,2,13,2,INV499987,2,20.57,12.65,41.18,219.03,153.0,66.03,EUR
20240625,10,19,2,4,1,INV117185,4,24.14,61.47,58.69,1425.2,925.24,499.96,EUR
20240611,20,27,3,4,1,INV610168,5,36.46,92.24,637.19,2725.88,1493.64,1232.24,EUR
20251112,4,12,1,2,2,INV840319,4,30.78,36.88,117.78,1017.39,659.54,357.85,EUR
20240809,27,16,1,5,3,INV266306,3,31.89,139.97,382.98,4080.66,2189.5,1891.16,EUR
20240512,34,10,3,12,2,INV946331,2,19.11,194.38,46.9,3667.7,2325.77,1341.93,EUR
20250303,16,7,3,12,1,INV427718,4,39.55,115.45,527.12,4038.93,2420.6,1618.33,EUR
20240718,9,11,2,12,3,INV738988,2,40.85,57.33,263.84,2078.09,1594.24,483.85,EUR
20241116,33,29,1,7,1,INV753899,3,4.98,103.28,61.99,452.34,347.07,105.27,EUR
20240929,5,15,4,13,1,INV929718,3,35.88,79.12,441.58,2397.25,1539.33,857.92,EUR
20240816,1,11,3,14,3,INV605993,5,8.16,61.82,32.29,472.16,375.64,96.52,EUR
20250911,35,7,2,10,3,INV226209,3,36.94,149.74,215.66,5315.74,3931.81,1383.93,EUR
20241016,16,26,4,7,3,INV958350,1,15.61,48.81,45.12,716.8,364.6,352.2,EUR
20251021,27,3,3,8,1,INV568383,4,28.21,122.83,525.62,2939.41,1564.72,1374.69,EUR
20241007,30,9,2,12,3,INV575354,3,8.98,34.42,59.1,249.99,134.29,115.7,EUR
20241130,36,16,3,3,2,INV972210,4,27.96,129.49,468.01,3152.53,1950.35,1202.18,EUR
20241130,40,27,1,11,2,INV439753,5,38.07,17.48,68.1,597.36,428.21,169.15,EUR
20251231,9,16,1,2,1,INV258932,1,26.62,188.62,236.0,4785.06,3475.86,1309.2,EUR
20241231,22,3,4,6,1,INV616377,4,27.71,109.69,390.16,2649.35,1639.41,1009.94,EUR
20240607,36,27,1,14,1,INV570284,2,6.65,183.17,63.52,1154.56,660.15,494.41,EUR
20251022,36,1,1,11,3,INV336474,4,3.08,51.61,7.4,151.56,82.72,68.84,EUR
20240520,33,11,3,7,3,INV802821,4,1.94,155.45,29.69,271.88,190.56,81.32,EUR
20251214,27,18,1,1,1,INV718312,1,11.23,120.72,1.94,1353.75,961.9,391.85,EUR
20250818,24,17,2,7,1,INV259651,5,1.36,129.26,21.9,153.89,89.21,64.68,EUR
20250118,33,13,2,14,1,INV890806,5,13.56,47.2,114.94,525.09,324.4,200.69,EUR
20251028,19,15,1,8,3,INV783051,5,38.73,48.87,42.66,1850.08,1140.09,709.99,EUR
20240419,14,7,3,14,3,INV806956,2,44.45,165.39,530.69,6820.9,3521.7,3299.2,EUR
20251003,15,19,3,4,3,INV124969,3,1.61,167.62,46.44,223.43,125.55,97.88,EUR
20250201,21,15,4,10,1,INV615566,4,28.48,64.22,360.96,1468.03,1111.6,356.43,EUR
20240911,5,20,1,1,1,INV749358,1,43.0,189.89,1519.0,6646.27,3928.17,2718.1,EUR
20250125,37,6,1,1,2,INV325767,2,48.58,150.95,546.79,6786.36,3963.19,2823.17,EUR
20251031,2,10,1,2,2,INV248728,3,23.39,187.13,860.76,3516.21,2722.85,793.36,EUR
20240503,2,29,4,3,1,INV218055,1,36.52,96.5,624.79,2899.39,2054.15,845.24,EUR
20241006,18,1,4,2,3,INV825406,2,11.56,85.53,74.63,914.1,467.24,446.86,EUR
20250318,30,14,2,1,3,INV146172,1,48.01,176.51,1203.18,7271.07,5203.62,2067.45,EUR
20240726,18,1,3,14,1,INV346225,4,40.71,199.21,71.57,8038.27,5377.31,2660.96,EUR
20250321,36,23,4,13,1,INV850328,1,15.04,26.8,29.61,373.46,278.68,94.78,EUR
20250711,11,12,3,12,3,INV667035,2,16.71,131.47,178.83,2018.03,1360.28,657.75,EUR
20250116,30,12,3,3,3,INV888171,4,34.11,87.49,573.81,2410.47,1267.75,1142.72,EUR
20240916,9,11,3,11,2,INV572665,5,43.23,41.21,15.23,1766.28,1151.45,614.83,EUR
20251002,10,20,3,9,3,INV972428,2,42.7,119.0,993.12,4088.18,3015.78,1072.4,EUR
20251210,26,3,4,2,3,INV670421,1,26.46,119.34,160.87,2996.87,1993.32,1003.55,EUR
20240617,15,22,3,8,1,INV441298,3,27.87,85.04,311.38,2058.68,1271.93,786.75,EUR
20250813,23,24,4,12,1,INV336783,4,8.63,141.85,184.44,1039.73,743.26,296.47,EUR
20250531,7,16,2,2,3,INV421447,2,38.03,67.54,107.49,2461.06,1701.76,759.3,EUR
20240714,2,1,1,5,1,INV317146,2,41.56,139.29,77.6,5711.29,3631.12,2080.17,EUR
20240501,28,12,4,1,3,INV726587,3,17.82,81.23,87.95,1359.57,932.36,427.21,EUR
20250504,40,19,1,11,2,INV133049,4,16.66,15.9,37.12,227.77,172.73,55.04,EUR
20250127,35,25,1,7,3,INV715644,5,44.15,190.33,1150.97,7252.1,5790.01,1462.09,EUR
20250124,3,16,1,8,2,INV670147,1,5.07,147.61,107.11,641.27,498.07,143.2,EUR
20250410,25,24,3,4,3,INV592075,1,16.82,115.0,272.36,1661.94,1055.93,606.01,EUR
20250920,27,4,1,11,1,INV722255,1,46.84,94.44,444.19,3979.38,2542.64,1436.74,EUR
20251214,37,13,1,5,3,INV223384,5,25.06,181.43,266.79,4279.85,2348.88,1930.97,EUR
20241024,39,11,4,2,3,INV262315,1,10.76,102.39,1.25,1100.47,806.34,294.13,EUR
20251031,12,25,4,1,2,INV291551,2,17.66,139.78,417.44,2051.07,1166.28,884.79,EUR
20250331,8,4,2,3,1,INV876319,5,28.58,93.24,195.42,2469.38,1752.46,716.92,EUR
20240122,34,29,3,11,3,INV211493,4,24.21,62.99,169.97,1355.02,849.16,505.86,EUR
20240307,6,9,3,8,2,INV631747,2,45.42,176.35,193.85,7815.97,4287.83,3528.14,EUR
20250807,12,22,2,8,3,INV672437,3,28.31,100.8,554.1,2299.55,1602.51,697.04,EUR
20250819,27,4,1,4,1,INV254546,3,7.53,143.28,2.42,1076.48,557.61,518.87,EUR
20240113,8,17,3,10,3,INV109287,3,44.14,36.04,292.94,1297.87,984.01,313.86,EUR
20240806,13,22,4,8,2,INV324523,1,9.45,115.08,136.38,951.13,720.58,230.55,EUR
20240313,10,22,2,14,3,INV252465,1,24.41,198.07,70.19,4764.7,2617.82,2146.88,EUR
20251003,27,27,3,4,2,INV526132,1,37.87,18.15,44.06,643.28,397.8,245.48,EUR
20240716,24,13,4,10,1,INV884972,2,24.49,190.38,475.14,4187.27,2604.31,1582.96,EUR
20251012,11,8,3,8,1,INV553762,5,2.51,22.6,0.96,55.77,42.8,12.97,EUR
20240529,3,12,3,7,2,INV587070,3,15.87,111.71,115.97,1656.87,981.6,675.27,EUR
20250426,33,16,4,13,3,INV718199,5,46.25,124.99,764.23,5016.56,3372.11,1644.45,EUR
20250425,22,3,4,6,3,INV642111,5,31.94,57.8,99.03,1747.1,1015.72,731.38,EUR
20241022,39,17,2,6,2,INV351044,5,10.37,194.74,77.49,1941.96,1166.15,775.81,EUR
20251123,27,9,3,10,2,INV802215,2,38.65,179.2,192.93,6733.15,4921.75,1811.4,EUR
20241029,13,22,3,12,3,INV679761,3,11.02,97.91,112.24,966.73,517.36,449.37,EUR
20241025,16,7,3,3,3,INV948903,4,19.37,84.41,234.48,1400.54,1092.06,308.48,EUR
20250415,35,11,2,5,3,INV175550,3,7.1,81.55,63.77,515.24,318.38,196.86,EUR
20240309,13,26,3,8,2,INV677392,5,41.24,107.11,371.48,4045.74,2345.36,1700.38,EUR
20250313,32,20,1,8,2,INV505678,3,6.85,44.41,21.98,282.23,208.96,73.27,EUR
20240225,3,28,1,5,1,INV675134,5,14.15,158.94,416.4,1832.6,1293.85,538.75,EUR
20240728,3,29,1,1,1,INV454005,5,36.26,64.0,111.71,2208.93,1250.54,958.39,EUR
20250910,37,25,3,9,2,INV981609,2,8.43,115.2,61.52,909.62,514.81,394.81,EUR
20250127,14,18,1,3,1,INV698988,5,48.95,61.25,291.58,2706.61,1431.0,1275.61,EUR
20250220,15,8,4,10,1,INV281973,2,14.69,10.6,20.9,134.81,85.01,49.8,EUR
20250906,25,15,2,4,1,INV988439,1,21.02,94.39,59.68,1924.4,1474.93,449.47,EUR
20250921,25,1,3,4,3,INV615395,4,39.69,109.55,280.08,4067.96,2642.99,1424.97,EUR
20250922,25,27,4,10,1,INV491078,2,35.47,124.18,615.71,3788.95,2323.76,1465.19,EUR
20250217,14,7,3,6,2,INV387458,2,36.03,180.71,494.11,6016.87,4592.79,1424.08,EUR
20240125,37,8,1,8,3,INV938966,1,20.05,75.58,115.46,1399.92,906.15,493.77,EUR
20250401,28,3,4,5,2,INV339659,3,18.96,199.45,361.92,3419.65,1882.73,1536.92,EUR
20250822,34,20,2,14,1,INV499973,3,3.35,53.43,25.31,153.68,84.16,69.52,EUR
20250922,36,2,3,2,3,INV367539,4,8.3,36.91,26.71,279.64,212.89,66.75,EUR
20240709,15,14,3,3,3,INV170022,2,43.72,127.98,640.78,4954.51,3641.22,1313.29,EUR
20240629,19,18,4,7,1,INV347721,1,40.58,47.12,272.49,1639.64,852.96,786.68,EUR
20240413,18,27,2,9,1,INV916902,4,28.12,80.1,80.6,2171.81,1433.61,738.2,EUR
20240710,16,26,1,6,1,INV903575,3,26.15,13.94,36.78,327.75,169.46,158.29,EUR
20240518,11,2,4,3,1,INV353677,5,41.88,119.03,278.44,4706.54,2700.31,2006.23,EUR
20240628,8,23,2,3,3,INV735448,1,4.29,81.71,0.04,350.5,223.7,126.8,EUR
20250516,26,18,4,9,2,INV778799,5,18.34,125.05,329.5,1963.92,1423.46,540.46,EUR
20240914,34,30,4,3,3,INV999601,4,7.19,16.92,1.79,119.86,95.7,24.16,EUR
20241101,8,20,4,7,2,INV414067,3,2.17,102.57,33.4,189.18,106.82,82.36,EUR
20251015,10,15,2,11,2,INV515614,2,7.97,181.1,260.86,1182.51,680.98,501.53,EUR
20250212,30,23,4,6,1,INV585804,2,21.37,19.76,80.04,342.23,263.21,79.02,EUR
20240413,19,12,1,6,2,INV505334,4,4.83,65.85,52.23,265.83,176.91,88.92,EUR
20240211,31,3,3,6,1,INV425416,5,9.13,198.5,52.9,1759.4,1255.04,504.36,EUR
20241003,4,1,2,11,3,INV489301,1,22.97,73.47,206.88,1480.73,894.48,586.25,EUR
20241130,19,12,1,13,3,INV714068,1,44.29,154.11,591.65,6233.88,4078.15,2155.73,EUR
20251113,36,24,1,3,2,INV446189,4,36.84,130.69,138.61,4676.01,3407.09,1268.92,EUR
20240720,6,20,4,5,2,INV330935,1,3.16,12.3,1.03,37.84,23.67,14.17,EUR
20240717,27,26,2,7,3,INV695787,3,49.53,50.02,491.05,1986.44,1090.59,895.85,EUR
20240208,17,24,4,13,1,INV329737,4,45.84,41.46,255.66,1644.87,878.81,766.06,EUR
20251116,30,26,3,10,3,INV490192,4,47.83,59.04,315.47,2508.41,1923.33,585.08,EUR
20241204,21,17,2,11,3,INV975937,5,26.48,63.0,198.14,1470.1,1130.47,339.63,EUR
20240819,2,14,4,5,2,INV633552,3,25.44,147.61,303.95,3451.25,2711.41,739.84,EUR
20241103,17,4,2,9,1,INV985510,2,44.16,57.26,457.77,2070.83,1610.72,460.11,EUR
20251215,35,17,3,7,3,INV519273,4,28.76,66.83,93.22,1828.81,1256.24,572.57,EUR
20251109,5,25,3,1,2,INV525642,4,8.55,99.9,5.23,848.92,663.24,185.68,EUR
20240501,20,8,4,8,2,INV717006,2,20.86,171.4,204.85,3370.55,2302.66,1067.89,EUR
20240617,22,6,3,10,2,INV994643,1,5.93,25.64,22.42,129.63,70.65,58.98,EUR
20250314,32,29,1,13,3,INV779445,2,49.6,10.4,18.32,497.52,268.68,228.84,EUR
20250110,23,22,1,1,1,INV424814,3,5.9,199.3,19.37,1156.5,591.96,564.54,EUR
20240101,13,26,2,7,2,INV212762,3,30.08,126.93,401.73,3416.32,2560.67,855.65,EUR
20241018,9,3,4,10,2,INV265039,5,5.71,125.23,98.54,616.52,314.18,302.34,EUR
20241212,11,23,4,13,2,INV476178,5,16.01,134.16,349.95,1797.95,1124.42,673.53,EUR
20240828,20,22,3,4,1,INV583694,2,35.46,16.99,7.08,595.39,454.01,141.38,EUR
20240531,7,15,2,3,3,INV177009,3,38.75,140.67,631.52,4819.44,3448.75,1370.69,EUR
20250321,27,4,3,12,1,INV596215,1,18.85,84.25,109.61,1478.5,760.94,717.56,EUR
20240915,25,6,4,8,3,INV516798,3,23.03,165.0,566.41,3233.54,2302.98,930.56,EUR
20251105,21,30,2,1,1,INV362773,4,5.57,176.35,65.72,916.55,469.83,446.72,EUR
20240523,16,17,4,5,1,INV855797,2,21.48,156.46,424.49,2936.27,2094.76,841.51,EUR
20250921,24,11,1,2,2,INV909047,5,10.88,38.08,56.38,357.93,271.07,86.86,EUR
20250601,18,17,4,9,3,INV742214,5,10.64,156.25,243.15,1419.35,726.46,692.89,EUR
20250828,36,10,4,1,2,INV448762,1,20.96,129.14,428.67,2278.1,1463.35,814.75,EUR
20250303,30,30,2,6,3,INV333727,4,13.97,179.39,427.12,2078.96,1548.87,530.09,EUR
20251115,38,9,4,5,1,INV656524,2,2.99,190.88,51.28,519.45,321.59,197.86,EUR
20250316,4,3,3,9,3,INV536999,1,25.59,190.99,776.74,4110.69,2844.62,1266.07,EUR
20241109,39,22,1,8,3,INV323781,5,33.4,64.64,50.03,2108.95,1203.05,905.9,EUR
20250202,36,24,3,3,3,INV787973,2,1.7,91.61,10.24,145.5,83.47,62.03,EUR
20250506,2,4,2,12,3,INV370735,2,33.22,137.64,380.04,4192.36,3235.61,956.75,EUR
20240727,11,12,1,13,2,INV424526,5,34.89,131.41,69.9,4514.99,2468.21,2046.78,EUR
20240504,1,8,1,13,2,INV287664,1,38.48,74.13,285.52,2567.0,1926.68,640.32,EUR
20250701,30,17,1,8,3,INV744209,3,39.49,77.69,56.47,3011.51,1665.12,1346.39,EUR
20240712,35,9,1,10,1,INV166514,2,8.14,40.46,53.7,275.64,182.04,93.6,EUR
20250505,23,1,3,14,2,INV931169,4,6.07,107.36,105.81,545.87,307.71,238.16,EUR
20240713,40,21,4,13,3,INV884056,1,48.83,151.48,1234.54,6162.23,4807.4,1354.83,EUR
20250521,36,25,4,7,2,INV773738,3,10.76,17.97,17.51,175.85,88.12,87.73,EUR
20241229,2,22,3,11,2,INV535718,1,48.51,173.78,143.69,8286.38,6238.87,2047.51,EUR
20250831,34,18,1,10,1,INV596427,4,28.13,114.8,491.88,2737.44,1467.07,1270.37,EUR
20240203,21,8,3,9,2,INV407706,1,43.07,20.43,52.83,827.09,652.76,174.33,EUR
20240520,17,27,4,3,2,INV456454,4,49.08,195.27,697.29,8886.56,5771.7,3114.86,EUR
20241103,27,1,1,5,2,INV293751,1,43.61,186.97,983.19,7170.57,5417.16,1753.41,EUR
20250106,8,4,3,13,2,INV433774,1,9.95,50.34,80.18,420.7,239.57,181.13,EUR
20241010,20,27,1,13,3,INV675601,5,43.64,113.75,899.8,4064.25,2834.29,1229.96,EUR
20240412,26,25,1,5,2,INV197483,3,14.18,19.89,3.88,278.16,218.27,59.89,EUR
20250825,1,4,4,1,2,INV948822,3,20.89,30.31,20.11,613.07,479.36,133.71,EUR
20240910,6,11,2,3,3,INV696655,1,31.91,13.2,18.4,402.81,286.98,115.83,EUR
20240622,33,8,4,1,3,INV648379,3,29.26,148.67,732.42,3617.66,2343.51,1274.15,EUR
20240831,4,14,2,10,3,INV507310,2,41.43,65.61,74.05,2644.17,2094.49,549.68,EUR
20250225,38,10,3,4,3,INV997727,1,35.64,58.45,252.17,1830.99,916.29,914.7,EUR
20240427,26,19,2,12,2,INV824880,2,29.25,164.74,559.16,4259.49,3365.65,893.84,EUR
20240911,9,23,1,4,1,INV881063,1,36.83,139.97,137.09,5018.01,2837.39,2180.62,EUR
20240425,37,1,2,12,1,INV970287,1,21.25,74.86,142.24,1448.54,788.15,660.39,EUR
20251025,8,28,3,6,2,INV497121,5,34.34,94.25,130.46,3106.09,2144.8,961.29,EUR
20240730,25,12,2,14,3,INV999797,2,25.01,190.34,416.49,4343.91,2500.5,1843.41,EUR
20250319,30,6,1,13,1,INV884674,4,26.69,48.73,28.72,1271.88,745.53,526.35,EUR
20241017,18,6,4,13,1,INV596221,5,4.2,96.34,24.54,380.09,215.62,164.47,EUR
20240724,18,27,4,7,2,INV268252,4,11.81,181.91,7.37,2140.99,1221.06,919.93,EUR
20250512,25,8,2,2,2,INV856277,3,26.58,141.08,203.85,3546.06,2473.33,1072.73,EUR
20241113,26,1,1,10,1,INV352943,3,13.35,56.42,144.27,608.94,474.61,134.33,EUR
20250920,37,26,2,11,2,INV653991,1,8.31,13.72,17.52,96.49,70.53,25.96,EUR
20250305,37,11,1,8,1,INV296473,1,36.9,146.97,460.81,4962.38,3517.38,1445.0,EUR
20241005,38,7,4,11,3,INV692671,5,18.49,82.19,189.85,1329.84,1020.09,309.75,EUR
20241128,3,28,3,6,2,INV895792,2,27.09,103.7,242.06,2567.17,1716.75,850.42,EUR
20251207,5,4,2,4,2,INV146008,2,23.89,111.65,394.02,2273.3,1206.63,1066.67,EUR
20250715,29,23,2,4,3,INV324954,2,19.17,16.96,0.76,324.36,219.35,105.01,EUR
20240503,18,21,4,4,1,INV457369,2,30.98,27.77,43.07,817.24,555.31,261.93,EUR
20251006,16,2,4,12,2,INV667358,2,33.21,142.22,6.0,4717.13,3550.18,1166.95,EUR
20240809,27,29,3,2,1,INV628168,5,12.24,119.38,0.03,1461.18,1035.85,425.33,EUR
20241231,29,18,2,1,3,INV202247,5,2.05,62.3,4.4,123.31,67.46,55.85,EUR
20240216,12,7,2,4,1,INV409329,4,4.0,95.4,47.22,334.38,170.35,164.03,EUR
20240728,24,21,3,14,3,INV552798,2,34.71,168.39,185.95,5658.87,3471.3,2187.57,EUR
20240624,24,2,2,11,2,INV213796,1,38.46,50.24,59.41,1872.82,997.34,875.48,EUR
20240822,11,9,3,8,1,INV969034,5,27.11,117.79,609.04,2584.25,1621.53,962.72,EUR
20250917,29,9,3,5,3,INV324549,1,10.62,66.15,108.55,593.96,379.81,214.15,EUR
20240403,38,4,2,1,1,INV872804,5,47.53,31.5,143.53,1353.66,1046.11,307.55,EUR
20250817,9,2,2,9,1,INV937752,2,12.78,19.64,43.09,207.91,137.87,70.04,EUR
20240316,16,18,1,6,3,INV663679,1,13.72,73.09,27.31,975.48,539.92,435.56,EUR
20250313,32,28,2,3,1,INV832719,1,26.38,128.72,48.51,3347.12,2397.46,949.66,EUR
20250713,6,24,3,8,1,INV814435,3,49.64,74.16,24.37,3656.93,1841.11,1815.82,EUR
20240128,2,28,1,2,2,INV272935,5,4.97,140.71,67.24,632.09,468.77,163.32,EUR
20250325,35,21,3,1,3,INV884829,5,2.27,38.46,6.17,81.13,49.79,31.34,EUR
20240427,33,21,3,13,2,INV373472,2,5.17,164.43,102.07,748.03,503.36,244.67,EUR
20250503,19,16,1,3,1,INV964400,3,25.57,159.78,256.67,3828.9,2453.03,1375.87,EUR
20250603,28,15,1,1,3,INV151226,1,33.44,178.3,450.63,5511.72,3808.6,1703.12,EUR
20240331,24,24,3,9,1,INV524865,4,28.59,54.8,46.77,1519.96,882.83,637.13,EUR
20240821,21,12,1,6,2,INV961487,2,39.47,81.31,26.88,3182.43,2273.17,909.26,EUR
20251002,31,2,4,4,1,INV530108,5,42.95,116.07,616.26,4368.95,3215.36,1153.59,EUR
20240118,40,25,2,3,1,INV163660,3,40.3,186.35,1299.59,6210.31,3576.17,2634.14,EUR
20250625,8,29,1,5,3,INV868905,3,48.15,132.32,697.62,5673.59,3642.97,2030.62,EUR
20240911,34,7,4,12,1,INV653985,1,20.59,56.02,155.25,998.2,541.47,456.73,EUR
20250213,40,22,3,12,1,INV647066,5,32.61,136.73,274.21,4184.56,2465.86,1718.7,EUR
20240122,16,29,4,13,3,INV236850,3,36.39,170.56,534.88,5671.8,3013.02,2658.78,EUR
20240914,6,15,1,14,2,INV405791,4,8.68,189.77,123.1,1524.1,894.93,629.17,EUR
20240213,12,13,2,12,3,INV486974,3,27.63,45.52,48.21,1209.51,918.79,290.72,EUR
20240124,6,16,4,5,2,INV930570,3,43.29,107.47,893.23,3759.15,2477.68,1281.47,EUR
20240124,15,24,1,6,1,INV683102,5,26.42,167.78,244.19,4188.56,3005.91,1182.65,EUR
20240517,30,20,1,11,3,INV456441,1,15.2,131.43,396.8,1600.94,940.41,660.53,EUR
20240728,14,7,3,4,3,INV370235,5,16.44,144.69,187.78,2190.92,1241.3,949.62,EUR
20240524,7,3,1,12,3,INV576833,5,23.86,176.93,104.51,4117.04,2118.21,1998.83,EUR
20240722,16,19,1,11,3,INV307607,4,11.62,86.95,65.27,945.09,536.54,408.55,EUR
20250220,3,24,1,2,3,INV898337,5,25.34,192.72,968.33,3915.19,2069.54,1845.65,EUR
20250527,27,25,1,1,1,INV318841,1,49.87,15.59,16.6,760.87,558.17,202.7,EUR
20240424,36,5,1,4,3,INV495618,3,24.14,143.54,182.88,3282.18,1920.39,1361.79,EUR
20250902,8,24,4,1,3,INV813158,2,20.2,125.85,175.81,2366.36,1812.08,554.28,EUR
20240319,20,20,1,13,1,INV651510,5,15.05,112.45,76.44,1615.93,1000.42,615.51,EUR
20250503,22,27,1,10,1,INV893269,4,10.54,164.84,54.79,1682.62,950.13,732.49,EUR
20250908,33,5,1,4,2,INV388379,3,17.55,24.58,22.01,409.37,209.17,200.2,EUR
20241028,9,17,4,12,1,INV969880,3,31.89,157.82,339.71,4693.17,3039.83,1653.34,EUR
20250208,28,14,1,9,3,INV200647,1,37.57,91.04,579.09,2841.28,2220.9,620.38,EUR
20240716,4,17,2,6,2,INV517155,5,5.33,175.53,5.1,930.47,508.22,422.25,EUR
20250411,5,11,2,2,1,INV904881,2,13.45,74.7,10.46,994.25,625.32,368.93,EUR
20250717,12,14,1,8,3,INV988596,4,21.8,116.66,459.0,2084.19,1430.49,653.7,EUR
20250621,17,10,1,2,1,INV418773,5,1.24,110.28,12.24,124.51,69.5,55.01,EUR
20241101,16,16,2,7,1,INV322256,2,32.61,126.76,102.63,4031.01,2139.43,1891.58,EUR
20250114,29,23,1,10,1,INV632046,3,49.67,120.36,77.53,5900.75,3462.59,2438.16,EUR
20250810,12,30,1,12,2,INV367642,5,40.56,86.54,419.7,3090.36,2076.22,1014.14,EUR
20251002,27,25,4,14,3,INV410810,5,32.45,154.3,747.07,4259.97,2993.79,1266.18,EUR
20250412,6,29,3,3,3,INV921591,3,29.38,130.99,437.77,3410.72,1855.7,1555.02,EUR
20250801,7,10,1,13,3,INV424632,5,31.32,195.22,237.79,5876.5,3246.98,2629.52,EUR
20240713,7,6,2,5,1,INV913976,4,20.81,116.37,454.08,1967.58,1224.52,743.06,EUR
20251217,2,18,4,3,2,INV771339,1,23.4,89.36,372.87,1718.15,1189.96,528.19,EUR
20240627,14,10,2,9,3,INV331103,3,33.84,124.46,304.76,3906.97,2239.43,1667.54,EUR
20250616,9,22,1,14,2,INV968235,1,44.97,192.4,1535.39,7116.84,3809.94,3306.9,EUR
20240525,37,20,4,6,1,INV675932,2,20.91,154.99,352.93,2887.91,1570.98,1316.93,EUR
20251107,18,3,4,10,2,INV461462,4,31.89,185.46,256.25,5658.07,3782.64,1875.43,EUR
20250312,7,22,2,13,1,INV946444,5,16.37,74.0,223.82,987.56,529.39,458.17,EUR
20240715,18,13,2,4,3,INV934963,3,42.64,61.66,472.72,2156.46,1631.13,525.33,EUR
20240617,31,25,2,1,1,INV800151,5,22.28,84.23,332.25,1544.39,801.2,743.19,EUR
20240226,8,27,4,9,1,INV178702,1,33.75,164.72,372.3,5187.0,4102.13,1084.87,EUR
20240127,4,3,4,9,1,INV741799,3,4.93,129.67,9.35,629.92,454.37,175.55,EUR
20240225,30,14,2,14,3,INV647155,2,43.72,190.39,1068.9,7254.95,4992.08,2262.87,EUR
20240221,24,8,3,5,1,INV619326,4,22.69,63.49,46.77,1393.82,995.6,398.22,EUR
20250404,9,24,4,13,2,INV804007,2,30.22,75.46,253.34,2027.06,1069.52,957.54,EUR
20250518,31,30,4,1,1,INV692887,5,4.27,157.77,3.06,670.62,523.74,146.88,EUR
20251121,35,9,1,4,1,INV312511,4,12.37,188.08,444.0,1882.55,1118.72,763.83,EUR
20240624,13,12,4,2,2,INV671144,1,23.75,48.93,231.51,930.58,718.68,211.9,EUR
20251125,7,3,2,1,2,INV218090,2,37.77,55.21,214.07,1871.21,1311.51,559.7,EUR
20240515,30,16,3,7,1,INV299635,2,22.93,179.37,448.47,3664.48,2169.85,1494.63,EUR
20250829,4,24,2,14,3,INV438713,1,7.9,85.16,68.66,604.1,478.4,125.7,EUR
20240406,28,9,3,1,1,INV573682,2,34.42,168.08,460.93,5324.38,3515.45,1808.93,EUR
20240525,30,24,4,11,3,INV278591,2,4.68,168.45,100.76,687.59,524.94,162.65,EUR
20250826,35,27,2,2,3,INV302779,3,26.45,195.0,177.03,4980.72,3306.39,1674.33,EUR
20250518,39,15,2,13,2,INV966473,2,43.86,112.48,864.96,4068.41,3069.3,999.11,EUR
20240630,35,22,3,7,1,INV454912,2,29.05,95.43,409.62,2362.62,1530.62,832.0,EUR
20251220,38,18,4,7,3,INV224775,4,24.44,21.61,90.94,437.21,283.72,153.49,EUR
20250218,34,25,2,14,1,INV482820,1,19.43,37.29,95.48,629.06,346.79,282.27,EUR
20240817,23,11,2,2,2,INV811717,3,1.73,73.66,25.2,102.23,79.85,22.38,EUR
20251204,17,13,2,12,1,INV648234,2,4.56,118.42,35.36,504.64,312.56,192.08,EUR
20250412,39,2,3,4,2,INV753721,5,27.55,158.84,759.75,3616.29,2842.14,774.15,EUR
20240509,3,28,3,13,1,INV734563,2,33.45,113.03,737.27,3043.58,2068.01,975.57,EUR
20251209,17,17,3,11,1,INV412619,5,17.55,149.73,269.19,2358.57,1624.71,733.86,EUR
20251024,6,10,3,8,3,INV672199,5,23.44,163.95,701.67,3141.32,2225.89,915.43,EUR
20250327,6,12,2,4,3,INV521164,4,20.13,47.24,146.28,804.66,560.86,243.8,EUR
20240127,40,15,3,7,1,INV743851,1,36.25,136.1,455.28,4478.35,3059.29,1419.06,EUR
20250519,25,18,2,14,3,INV702504,4,25.78,146.52,116.28,3661.01,2746.59,914.42,EUR
20241123,34,19,2,8,3,INV140034,5,16.59,109.63,144.99,1673.77,930.4,743.37,EUR
20251002,16,12,1,12,2,INV131350,3,38.02,84.13,465.52,2733.1,1638.67,1094.43,EUR
20250412,37,2,1,11,1,INV276076,3,45.09,43.42,292.29,1665.52,1258.71,406.81,EUR
20241001,17,6,4,8,3,INV513209,2,7.88,167.03,160.94,1155.26,641.99,513.27,EUR
20240909,9,22,3,13,2,INV970641,2,43.45,46.97,392.04,1648.81,1281.34,367.47,EUR
20240415,22,13,2,5,1,INV817718,3,10.14,154.68,226.62,1341.84,1046.16,295.68,EUR
20240701,22,13,2,10,1,INV523259,5,11.86,141.97,115.62,1568.14,1070.07,498.07,EUR
20251203,24,4,2,14,3,INV211369,5,35.82,80.15,14.73,2856.24,1981.51,874.73,EUR
20250615,17,13,3,1,3,INV436007,4,38.88,64.59,131.44,2379.82,1195.34,1184.48,EUR
20241109,40,4,1,14,1,INV604592,5,24.73,18.91,48.78,418.86,297.98,120.88,EUR
20250818,16,9,1,2,2,INV320395,4,16.07,71.8,104.69,1049.14,627.42,421.72,EUR
20241201,13,4,2,12,1,INV483894,5,44.42,165.33,698.93,6645.03,5008.78,1636.25,EUR
20250621,7,8,4,8,2,INV148016,1,48.03,60.49,491.93,2413.4,1711.43,701.97,EUR
20251020,7,10,1,1,2,INV285938,4,19.76,110.55,435.84,1748.63,1239.47,509.16,EUR
20250620,31,18,1,10,3,INV975468,2,38.13,11.28,31.05,399.06,227.66,171.4,EUR
20250610,34,18,3,7,1,INV243497,3,28.31,183.45,805.88,4387.59,2741.48,1646.11,EUR
20241128,38,17,4,13,2,INV665093,4,14.7,173.89,70.66,2485.52,1769.27,716.25,EUR
20250606,22,24,3,9,3,INV456029,5,21.68,79.1,297.29,1417.6,1043.75,373.85,EUR
20250920,19,6,2,5,3,INV224421,1,40.81,91.34,247.73,3479.86,1882.04,1597.82,EUR
20240107,3,2,2,13,2,INV490598,2,29.73,176.9,76.52,5182.72,2958.95,2223.77,EUR
20251020,8,26,3,14,2,INV172606,2,1.27,74.59,0.64,94.09,52.81,41.28,EUR
20251010,28,18,2,11,1,INV397700,3,14.93,108.76,200.35,1423.44,876.48,546.96,EUR
20250926,32,5,4,14,3,INV332873,4,23.0,131.09,265.97,2749.1,2157.6,591.5,EUR
20251020,27,5,1,3,2,INV987056,5,49.25,143.7,1301.14,5776.08,3386.94,2389.14,EUR
20240312,34,7,2,12,3,INV946965,1,37.12,46.18,21.57,1692.63,947.96,744.67,EUR
20240526,1,21,3,10,1,INV161849,4,37.18,178.24,688.66,5938.3,3709.12,2229.18,EUR
20250516,11,7,4,6,1,INV658380,2,38.58,86.76,472.74,2874.46,2010.82,863.64,EUR
20240630,12,29,3,8,2,INV436434,3,37.59,79.01,372.87,2597.12,1675.53,921.59,EUR
20250123,10,28,1,6,1,INV748661,1,26.04,157.35,548.87,3548.52,2257.11,1291.41,EUR
20251104,36,8,1,7,1,INV676060,2,36.2,192.47,899.38,6068.03,3353.59,2714.44,EUR
20250413,14,7,4,13,3,INV863681,2,46.36,134.53,1205.73,5031.08,3959.5,1071.58,EUR
20240130,21,6,2,3,3,INV694411,5,11.49,88.27,34.73,979.49,519.37,460.12,EUR
20250313,21,22,1,11,2,INV347749,5,27.98,54.93,51.2,1485.74,1034.07,451.67,EUR
20251220,16,26,2,6,3,INV423025,3,21.48,102.93,285.04,1925.9,1388.83,537.07,EUR
20250519,15,6,4,5,1,INV120510,5,17.3,174.43,348.6,2669.04,2097.66,571.38,EUR
20250525,40,23,1,3,2,INV732928,5,22.5,45.49,35.69,987.84,514.63,473.21,EUR
20240226,22,8,4,13,3,INV621877,1,11.5,144.5,271.7,1390.05,752.69,637.36,EUR
20250725,34,8,2,3,1,INV951780,1,7.6,79.22,87.81,514.26,369.15,145.11,EUR
20240225,36,7,2,1,1,INV378199,5,24.96,164.06,561.84,3533.1,2260.06,1273.04,EUR
20250530,33,28,4,6,3,INV320815,3,33.7,77.9,124.33,2500.9,1651.84,849.06,EUR
20240303,3,7,1,5,2,INV347765,4,32.62,164.79,919.4,4456.05,2995.16,1460.89,EUR
20240422,30,3,3,14,1,INV320254,5,45.03,174.84,35.96,7837.09,4269.37,3567.72,EUR
20250814,11,25,3,11,1,INV196967,3,10.74,62.66,116.81,556.16,363.4,192.76,EUR
20240228,40,27,2,1,3,INV535771,4,5.05,140.49,70.93,638.54,435.87,202.67,EUR
20240427,10,13,1,11,1,INV867301,2,6.66,39.91,46.08,219.72,170.77,48.95,EUR
20250416,27,15,2,1,1,INV735266,1,6.68,82.69,11.55,540.82,418.59,122.23,EUR
20240212,8,20,1,8,1,INV858119,3,33.42,185.85,944.03,5267.08,4106.85,1160.23,EUR
20240721,40,24,2,1,2,INV699663,2,22.14,74.09,175.89,1464.46,1022.34,442.12,EUR
20250411,20,25,1,3,2,INV284693,1,5.41,14.31,8.65,68.77,42.53,26.24,EUR
20250621,9,30,3,14,1,INV704430,3,49.12,38.52,108.5,1783.6,960.72,822.88,EUR
20250828,13,23,3,6,3,INV498978,1,40.71,149.84,1.51,6098.48,4752.0,1346.48,EUR
20251113,37,20,3,3,3,INV711800,4,41.35,157.51,298.12,6214.92,3953.44,2261.48,EUR
20240525,18,7,4,6,3,INV442505,5,18.97,68.32,239.51,1056.52,595.46,461.06,EUR
20240128,17,3,2,1,1,INV605258,1,21.7,78.75,55.35,1653.53,941.26,712.27,EUR
20250521,18,2,2,10,3,INV164506,4,36.22,193.16,603.39,6392.87,4849.56,1543.31,EUR
20240123,27,8,2,3,2,INV656843,1,17.78,59.6,183.13,876.56,655.96,220.6,EUR
20251201,1,8,3,1,1,INV161496,1,1.83,79.01,26.17,118.42,93.19,25.23,EUR
20250731,29,12,4,13,2,INV753164,1,19.17,122.12,364.44,1976.6,1194.68,781.92,EUR
20241018,28,27,2,4,2,INV602867,1,7.71,163.92,116.71,1147.11,574.5,572.61,EUR
20240215,36,2,1,13,3,INV228594,1,11.15,163.16,268.04,1551.19,967.59,583.6,EUR
20240823,7,15,4,5,1,INV612737,2,21.77,18.1,1.03,393.01,207.99,185.02,EUR
20251117,24,15,1,3,3,INV131962,1,48.74,143.82,649.74,6360.05,3553.01,2807.04,EUR
20240213,27,15,1,4,1,INV584385,2,17.27,194.07,544.97,2806.62,1645.57,1161.05,EUR
20250627,18,16,3,4,2,INV283480,1,35.5,14.71,59.02,463.19,256.85,206.34,EUR
20250628,34,22,3,8,2,INV837576,4,30.21,104.27,128.87,3021.13,2019.25,1001.88,EUR
20241207,13,22,2,10,2,INV264190,4,46.18,169.28,1390.92,6426.43,4055.35,2371.08,EUR
20240601,6,12,1,9,1,INV971044,2,35.27,100.25,22.69,3513.13,2789.24,723.89,EUR
20250216,27,14,1,5,2,INV757286,5,2.22,22.88,1.18,49.61,31.46,18.15,EUR
20250512,30,4,3,1,1,INV885407,3,29.69,113.34,633.63,2731.43,1421.39,1310.04,EUR
20250730,18,19,1,6,1,INV800144,1,16.52,42.7,36.05,669.35,456.93,212.42,EUR
20240208,38,10,4,7,3,INV654893,4,32.31,133.13,170.91,4130.52,2796.76,1333.76,EUR
20251202,8,27,4,7,3,INV683576,3,6.0,182.53,209.28,885.9,482.4,403.5,EUR
20250511,19,2,4,8,3,INV379103,2,12.43,43.1,34.54,501.19,278.11,223.08,EUR
20251206,33,22,3,10,3,INV219473,5,22.86,12.79,41.6,250.78,193.93,56.85,EUR
20240618,28,28,2,1,1,INV589966,1,26.26,165.76,470.59,3882.27,2140.91,1741.36,EUR
20240401,27,2,2,11,3,INV791288,1,31.91,135.48,224.36,4098.81,3094.13,1004.68,EUR
20250712,6,8,3,11,3,INV887402,5,29.01,123.14,632.26,2940.03,2158.02,782.01,EUR
20250404,10,29,1,2,2,INV123501,5,25.68,121.65,181.04,2942.93,2055.48,887.45,EUR
20240201,5,18,4,5,2,INV661097,2,8.88,32.85,55.24,236.47,180.91,55.56,EUR
20250618,33,24,2,10,2,INV631468,3,22.45,12.19,9.45,264.22,196.46,67.76,EUR
20240922,35,2,4,8,2,INV596265,1,41.61,44.17,69.44,1768.47,1183.16,585.31,EUR
20241102,39,13,1,13,3,INV800431,1,46.77,107.07,500.45,4507.21,3358.51,1148.7,EUR
20241003,11,20,4,9,3,INV257744,4,36.58,84.5,583.13,2507.88,1758.23,749.65,EUR
20250503,4,9,1,10,2,INV340477,1,13.67,160.19,346.04,1843.76,1156.14,687.62,EUR
20241229,28,2,4,9,3,INV360163,2,24.89,138.1,555.8,2881.51,1918.98,962.53,EUR
20240817,22,24,4,6,1,INV916872,4,29.47,173.21,672.4,4432.1,3068.58,1363.52,EUR
20240705,19,21,1,10,2,INV836111,3,41.92,81.5,373.63,3042.85,2179.0,863.85,EUR
20250918,28,1,3,8,3,INV427568,2,4.17,12.21,5.71,45.21,23.99,21.22,EUR
20240525,11,30,3,10,1,INV965620,4,14.49,113.88,0.11,1650.01,1304.0,346.01,EUR
20240815,18,18,4,9,3,INV626184,2,31.09,177.26,151.51,5359.5,3095.43,2264.07,EUR
20250506,10,25,4,10,3,INV171460,4,2.08,168.27,6.24,343.76,179.5,164.26,EUR
20240425,38,29,2,6,3,INV892189,5,32.36,41.02,217.89,1109.52,622.85,486.67,EUR
20250221,7,8,2,8,3,INV527433,1,17.74,196.39,30.51,3453.45,1990.41,1463.04,EUR
20250723,33,4,4,6,3,INV122996,2,18.66,191.67,536.83,3039.73,1971.8,1067.93,EUR
20240925,8,20,1,7,2,INV781874,1,43.78,142.43,341.21,5894.38,4340.09,1554.29,EUR
20250302,26,28,1,8,3,INV607762,1,38.85,34.09,68.52,1255.88,830.73,425.15,EUR
20250713,3,18,1,14,2,INV584153,5,8.13,61.58,44.34,456.31,284.79,171.52,EUR
20240417,15,27,3,10,1,INV513683,4,47.41,113.72,664.73,4726.74,3126.84,1599.9,EUR
20240911,38,13,4,5,3,INV499677,5,16.31,179.58,52.89,2876.06,1731.63,1144.43,EUR
20240924,21,26,1,2,1,INV743508,2,36.4,139.11,59.33,5004.27,3534.19,1470.08,EUR
20250504,24,8,4,12,1,INV468323,1,4.45,24.94,15.16,95.82,49.69,46.13,EUR
20250902,35,25,4,4,2,INV429659,2,21.13,144.78,76.95,2982.25,1951.59,1030.66,EUR
20240923,21,12,1,7,2,INV108051,1,2.21,134.65,34.07,263.51,195.55,67.96,EUR
20241101,34,19,3,3,1,INV407565,4,49.93,139.66,382.09,6591.13,5081.16,1509.97,EUR
20250724,40,14,4,8,2,INV152431,3,39.67,59.8,6.81,2365.46,1743.7,621.76,EUR
20241114,21,14,3,8,2,INV456428,5,44.73,118.53,829.76,4472.09,2649.97,1822.12,EUR
20241122,15,7,1,7,1,INV354297,3,13.65,86.84,90.39,1094.98,590.46,504.52,EUR
20251010,12,25,4,6,3,INV403238,1,6.31,130.2,99.19,722.37,436.39,285.98,EUR
20240224,1,23,4,3,1,INV224166,2,8.46,44.4,57.25,318.37,202.35,116.02,EUR
20250504,31,10,4,3,2,INV743063,1,20.12,29.69,21.13,576.23,410.7,165.53,EUR
20240412,6,12,3,9,3,INV770478,4,49.68,11.16,100.29,454.14,300.21,153.93,EUR
20240420,31,19,4,8,3,INV618556,5,7.26,176.18,44.23,1234.84,838.03,396.81,EUR
20250101,29,30,1,13,2,INV567785,2,49.72,87.62,229.26,4127.21,2266.8,1860.41,EUR
20250311,5,5,1,3,1,INV313795,5,13.31,149.73,352.54,1640.37,988.56,651.81,EUR
20250316,23,23,4,14,3,INV150429,4,28.15,195.0,697.75,4791.5,2925.44,1866.06,EUR
20240928,33,6,3,3,1,INV804380,5,35.04,54.19,123.16,1775.66,1022.72,752.94,EUR
20241001,4,2,4,5,2,INV784532,3,14.98,98.77,218.91,1260.66,959.31,301.35,EUR
20240319,8,5,2,3,3,INV569184,3,38.72,126.81,723.23,4186.85,3320.78,866.07,EUR
20251129,40,24,1,8,2,INV911129,4,38.44,56.15,126.69,2031.72,1406.87,624.85,EUR
20240619,32,6,1,4,3,INV665073,4,34.57,165.73,1028.68,4700.61,2848.99,1851.62,EUR
20240113,35,2,1,10,2,INV358933,1,13.49,145.8,76.46,1890.38,1164.44,725.94,EUR
20240823,21,24,2,5,3,INV340582,3,42.54,177.41,17.83,7529.19,5702.24,1826.95,EUR
20251217,7,17,1,12,2,INV561941,4,25.75,107.7,37.14,2736.14,1716.92,1019.22,EUR
20240625,18,9,3,11,2,INV374362,3,21.95,166.91,154.07,3509.6,2318.18,1191.42,EUR
20250105,5,16,2,8,3,INV922375,5,6.25,131.94,107.35,717.27,554.52,162.75,EUR
20251116,21,8,1,3,3,INV578667,5,26.11,58.54,164.73,1363.75,839.8,523.95,EUR
20250929,37,19,4,10,3,INV639484,2,44.36,155.22,824.68,6060.88,3586.97,2473.91,EUR
20241118,31,19,2,14,2,INV209737,3,42.15,139.39,298.22,5577.07,3177.62,2399.45,EUR
20240401,39,18,4,12,2,INV283531,3,7.48,48.71,40.57,323.78,183.88,139.9,EUR
20250405,11,17,2,4,3,INV930837,1,8.4,31.42,34.1,229.83,152.82,77.01,EUR
20240131,26,30,2,10,1,INV280777,5,43.48,185.59,1148.59,6920.86,4617.0,2303.86,EUR
20240805,11,5,1,1,1,INV115626,2,12.27,178.9,7.15,2187.95,1547.97,639.98,EUR
20250130,30,14,4,2,1,INV131248,5,42.22,123.4,904.28,4305.67,3340.62,965.05,EUR
20251123,31,23,4,2,1,INV674348,1,41.07,45.98,144.92,1743.48,920.35,823.13,EUR
20240304,16,29,3,6,3,INV355819,1,29.89,153.47,721.27,3865.95,2253.5,1612.45,EUR
20250717,9,7,3,5,2,INV717298,3,41.77,160.12,46.64,6641.57,3716.4,2925.17,EUR
20240118,30,27,4,3,1,INV488034,3,47.23,190.97,1061.28,7958.23,5023.72,2934.51,EUR
20240317,22,1,1,7,2,INV800912,4,21.68,27.49,1.55,594.43,412.65,181.78,EUR
20250114,20,28,1,12,1,INV838281,2,49.35,10.3,45.44,462.87,276.42,186.45,EUR
20250212,40,27,3,13,3,INV592236,1,26.62,12.86,52.93,289.4,210.7,78.7,EUR
20250316,27,18,2,5,3,INV247667,4,27.18,117.82,398.26,2804.09,1536.06,1268.03,EUR
20250913,30,26,1,9,1,INV666163,4,28.34,108.81,391.8,2691.88,1441.49,1250.39,EUR
20250625,32,26,1,6,1,INV489017,5,22.01,78.97,293.36,1444.77,969.16,475.61,EUR
20250121,2,23,2,3,1,INV191200,2,22.15,143.29,627.32,2546.55,1620.54,926.01,EUR
20251008,34,19,2,7,1,INV417430,1,28.11,11.11,58.94,253.36,194.88,58.48,EUR
20250112,9,3,4,6,2,INV635294,3,48.6,32.38,153.17,1420.5,834.17,586.33,EUR
20240402,9,16,3,7,3,INV293858,1,5.73,137.87,131.9,658.1,437.92,220.18,EUR
20241014,6,20,4,3,2,INV379205,2,8.97,124.6,106.74,1010.92,660.81,350.11,EUR
20240317,29,2,3,12,3,INV484241,3,45.9,29.99,152.4,1224.14,862.17,361.97,EUR
20250116,32,27,1,6,2,INV917367,5,7.19,170.54,34.71,1191.47,897.62,293.85,EUR
20250110,32,27,1,12,3,INV118939,1,4.11,85.87,65.32,287.61,221.33,66.28,EUR
20250223,18,2,4,3,1,INV967466,2,14.64,174.26,506.09,2045.08,1331.2,713.88,EUR
20250727,40,11,3,1,1,INV193280,4,26.49,189.61,820.55,4202.22,2331.52,1870.7,EUR
20251206,17,23,4,4,1,INV242868,4,4.55,188.9,93.21,766.28,597.22,169.06,EUR
20250117,1,16,1,1,2,INV689780,1,5.48,119.13,127.27,525.56,359.02,166.54,EUR
20250419,7,27,1,6,1,INV548165,1,37.63,18.29,49.93,638.32,500.51,137.81,EUR
20250327,4,27,2,4,1,INV134422,4,4.47,91.74,25.75,384.33,193.86,190.47,EUR
20250510,17,29,1,9,3,INV923349,3,28.53,72.17,120.67,1938.34,1440.61,497.73,EUR
20240524,37,17,4,7,3,INV682308,5,11.45,172.92,136.46,1843.47,1250.89,592.58,EUR
20241012,31,25,1,7,3,INV192369,5,39.86,107.79,121.38,4175.13,2681.44,1493.69,EUR
20241114,35,3,2,13,3,INV911017,1,2.74,73.14,6.16,194.24,142.26,51.98,EUR
20251110,40,13,2,11,1,INV172058,4,44.73,50.53,398.54,1861.67,1372.42,489.25,EUR
20250103,29,9,2,6,1,INV541111,5,3.96,173.79,134.75,553.46,349.03,204.43,EUR
20250315,29,7,2,12,2,INV414127,5,25.67,113.96,566.16,2359.19,1404.6,954.59,EUR
20240821,25,30,3,7,1,INV666432,1,17.21,20.08,56.42,289.16,225.0,64.16,EUR
20251222,4,13,3,8,3,INV451863,3,4.92,192.57,30.22,917.22,613.96,303.26,EUR
20240110,39,2,3,13,2,INV212344,1,25.18,142.97,526.04,3073.94,2151.22,922.72,EUR
20250906,7,29,2,2,1,INV204980,4,39.17,188.87,140.2,7257.84,5776.4,1481.44,EUR
20240120,10,11,3,12,2,INV815104,4,3.65,143.51,17.62,506.19,256.71,249.48,EUR
20250927,24,30,2,6,2,INV832569,1,34.45,199.66,1228.42,5649.87,3955.24,1694.63,EUR
20240705,29,29,3,13,3,INV474702,1,1.52,173.39,40.04,223.51,158.67,64.84,EUR
20240221,6,11,1,6,1,INV854423,2,45.42,75.93,550.38,2898.36,2046.0,852.36,EUR
20250825,17,15,3,1,2,INV396243,1,47.84,103.54,757.85,4195.5,2984.07,1211.43,EUR
20240512,30,20,1,6,3,INV879263,5,34.03,132.34,822.75,3680.78,2576.28,1104.5,EUR
20240308,4,1,4,5,3,INV752256,2,48.52,156.84,18.58,7591.3,5367.12,2224.18,EUR
20250815,8,1,3,6,1,INV132959,2,21.99,106.23,326.45,2009.55,1463.14,546.41,EUR
20240306,5,18,3,11,3,INV198351,2,49.53,73.99,451.03,3213.69,2466.74,746.95,EUR
20250712,23,12,2,6,3,INV694628,3,8.18,78.66,9.09,634.35,328.46,305.89,EUR
20250513,37,19,1,11,1,INV517106,5,22.0,183.66,666.08,3374.44,1746.73,1627.71,EUR
20250713,25,23,4,8,2,INV146230,2,49.81,105.18,727.58,4511.44,2425.31,2086.13,EUR
20240811,13,19,3,5,3,INV832838,3,43.23,13.9,47.19,553.71,353.01,200.7,EUR
20240609,22,11,1,4,1,INV763626,3,41.59,23.85,42.16,949.76,583.01,366.75,EUR
20240918,9,29,4,3,2,INV210905,4,27.32,44.92,15.01,1212.2,674.02,538.18,EUR
20250809,10,8,2,5,2,INV997593,1,4.42,150.07,4.24,659.07,337.41,321.66,EUR
20250307,3,12,2,1,3,INV901432,5,28.23,88.66,126.78,2376.09,1197.99,1178.1,EUR
20240429,6,13,4,8,1,INV933175,2,31.2,11.23,62.81,287.57,172.64,114.93,EUR
20250412,22,25,4,6,3,INV295106,1,9.38,150.02,217.01,1190.18,706.38,483.8,EUR
20250208,3,8,2,7,3,INV943167,2,40.07,178.1,201.91,6934.56,4237.11,2697.45,EUR
20250617,12,3,3,8,2,INV125862,5,7.18,182.39,30.0,1279.56,947.32,332.24,EUR
20240614,15,23,1,3,1,INV552407,2,5.85,161.1,136.76,805.67,444.15,361.52,EUR
20241227,34,26,1,9,3,INV612578,1,34.63,117.45,352.83,3714.46,2718.39,996.07,EUR
20250530,28,7,3,6,3,INV677347,1,36.79,177.34,742.44,5781.9,3695.36,2086.54,EUR
20250426,11,23,1,7,3,INV641866,1,35.73,152.58,842.97,4608.71,3572.44,1036.27,EUR
20250505,35,25,2,2,3,INV493674,5,47.19,106.62,585.54,4445.86,3422.26,1023.6,EUR
20250605,18,11,3,14,1,INV789288,1,49.78,36.24,260.64,1543.39,992.45,550.94,EUR
20240102,4,6,2,10,2,INV662723,2,31.64,169.35,245.02,5113.21,3572.83,1540.38,EUR
20240608,4,9,1,5,2,INV610944,3,33.09,148.92,911.2,4016.56,3044.86,971.7,EUR
20240422,5,14,3,10,3,INV845055,2,35.35,137.89,717.24,4157.17,2994.97,1162.2,EUR
20240510,3,21,2,1,2,INV849096,2,11.73,34.93,58.75,350.98,227.93,123.05,EUR
20240510,7,8,3,12,1,INV143441,2,25.66,89.41,406.7,1887.56,1174.34,713.22,EUR
20250209,13,1,1,6,3,INV931570,5,12.31,167.35,188.26,1871.82,1135.74,736.08,EUR
20250821,7,20,2,3,1,INV817002,1,32.94,198.23,117.09,6412.61,4519.55,1893.06,EUR
20251203,5,16,3,7,3,INV142862,2,29.52,191.6,246.8,5409.23,4236.69,1172.54,EUR
20240130,17,8,3,2,3,INV505903,4,8.95,117.82,169.03,885.46,496.66,388.8,EUR
20240501,27,16,1,9,1,INV484714,4,28.3,80.03,381.06,1883.79,1417.42,466.37,EUR
20250206,30,25,1,7,1,INV834450,4,46.56,25.98,123.9,1085.73,671.11,414.62,EUR
20250105,4,10,3,13,2,INV415100,1,22.61,91.98,407.49,1672.18,1179.65,492.53,EUR
20250911,13,23,2,10,2,INV460489,1,15.81,124.86,66.04,1908.0,1062.63,845.37,EUR
20240621,25,5,4,14,1,INV192756,3,48.46,58.59,446.24,2393.03,1674.26,718.77,EUR
20241217,36,23,3,5,3,INV258655,1,34.28,171.53,748.22,5131.83,4036.12,1095.71,EUR
20250630,32,20,1,12,3,INV527361,2,32.33,147.63,866.22,3906.66,2786.87,1119.79,EUR
20251104,39,19,4,5,1,INV310777,5,17.6,55.49,26.17,950.45,750.58,199.87,EUR
20241015,30,6,3,11,1,INV482384,5,12.56,56.65,135.08,576.44,452.4,124.04,EUR
20240205,16,3,1,12,2,INV989548,5,25.48,15.32,76.52,313.83,182.06,131.77,EUR
20250423,25,30,3,8,2,INV934735,4,20.67,145.3,432.81,2570.54,2049.0,521.54,EUR
20251012,22,7,3,4,2,INV488726,5,24.14,172.88,328.05,3845.27,2996.84,848.43,EUR
20250831,33,13,1,7,1,INV393975,2,4.87,75.22,27.1,339.22,224.1,115.12,EUR
20240109,37,11,3,9,1,INV954344,3,10.08,85.83,24.67,840.5,618.57,221.93,EUR
20250115,37,13,4,5,2,INV290551,1,42.82,55.51,215.45,2161.49,1716.77,444.72,EUR
20240519,16,12,1,5,1,INV503498,1,46.72,64.32,599.62,2405.41,1890.89,514.52,EUR
20251028,35,19,2,4,1,INV535637,1,15.75,70.18,68.3,1037.04,742.02,295.02,EUR
20240227,29,19,4,4,3,INV907738,4,12.07,192.6,316.47,2008.21,1014.99,993.22,EUR
20250630,8,16,3,3,1,INV226088,1,19.05,114.31,40.23,2137.38,1666.64,470.74,EUR
20241014,21,6,2,6,3,INV392930,2,22.21,182.11,645.13,3399.53,1964.69,1434.84,EUR
20251127,32,2,1,8,1,INV774041,2,43.61,187.41,1106.14,7066.81,4999.42,2067.39,EUR
20250224,22,29,2,4,2,INV585280,4,7.47,91.7,93.43,591.57,367.97,223.6,EUR
20240718,30,1,1,5,1,INV777071,1,46.33,129.57,428.74,5574.24,3042.14,2532.1,EUR
20250325,35,3,1,6,2,INV780606,5,33.26,18.67,3.14,617.82,337.08,280.74,EUR
20251129,12,24,2,2,2,INV295358,3,23.69,170.87,157.76,3890.15,2441.56,1448.59,EUR
20250910,20,8,1,13,1,INV900130,4,26.93,129.23,60.45,3419.71,2729.05,690.66,EUR
20240205,13,4,2,7,3,INV462663,3,35.75,108.44,302.98,3573.75,2758.74,815.01,EUR
20240128,39,21,2,10,3,INV761827,4,39.42,75.35,427.21,2543.09,2008.81,534.28,EUR
20241226,14,30,2,3,1,INV258100,4,12.12,127.03,275.16,1264.44,861.11,403.33,EUR
20240627,1,10,3,14,2,INV824765,2,39.31,52.85,94.17,1983.36,1245.64,737.72,EUR
20250603,23,2,4,7,1,INV151332,5,48.83,18.66,34.16,877.01,598.24,278.77,EUR
20240503,33,26,2,14,1,INV499646,1,5.83,103.36,18.8,583.79,309.37,274.42,EUR
20251022,36,8,2,12,1,INV616942,4,46.23,154.79,764.44,6391.5,3690.97,2700.53,EUR
20250216,31,7,3,8,2,INV237388,2,11.28,194.27,94.97,2096.4,1482.69,613.71,EUR
20240605,10,6,1,11,1,INV891026,5,15.31,199.46,211.38,2842.35,2265.69,576.66,EUR
20250802,10,23,2,3,3,INV470922,4,3.8,44.78,30.24,139.92,111.64,28.28,EUR
20241211,14,12,1,7,1,INV973585,4,43.36,56.48,418.82,2030.15,1084.96,945.19,EUR
20240226,18,13,4,5,1,INV967878,2,1.31,137.11,8.23,171.38,114.42,56.96,EUR
20241108,8,21,3,3,1,INV792051,1,11.77,83.22,78.61,900.89,465.94,434.95,EUR
20241020,26,8,4,11,2,INV504872,1,16.38,62.6,97.65,927.74,564.49,363.25,EUR
20240914,37,3,2,11,3,INV170561,3,5.24,195.7,54.9,970.57,507.85,462.72,EUR
20251120,22,11,4,5,1,INV697243,1,29.24,81.44,469.01,1912.3,1295.16,617.14,EUR
20250406,36,16,3,13,1,INV163122,4,40.37,164.13,24.07,6601.86,3635.1,2966.76,EUR
20240611,1,3,4,2,1,INV864374,1,8.33,23.93,8.04,191.3,109.63,81.67,EUR
20250316,40,13,4,9,3,INV778707,4,20.89,117.61,257.1,2199.77,1242.18,957.59,EUR
20240617,28,16,4,4,1,INV936648,5,49.27,45.22,195.1,2032.89,1253.93,778.96,EUR
20240129,30,11,4,11,3,INV540775,3,12.62,131.11,68.83,1585.78,1093.06,492.72,EUR
20250808,20,7,1,10,1,INV760566,4,17.11,45.79,149.46,634.01,444.84,189.17,EUR
20250815,22,6,2,2,1,INV147899,2,6.93,23.16,27.03,133.47,97.75,35.72,EUR
20250512,25,9,3,10,3,INV578250,3,24.52,145.08,0.85,3556.51,2227.3,1329.21,EUR
20250728,30,13,3,5,3,INV797702,4,25.32,66.57,150.97,1534.58,974.52,560.06,EUR
20241112,6,14,2,7,2,INV547354,1,13.59,72.82,4.56,985.06,564.71,420.35,EUR
20241118,15,16,2,1,3,INV875018,4,48.78,117.36,705.82,5019.0,3959.32,1059.68,EUR
20250327,6,4,3,3,3,INV829751,4,11.91,49.12,81.29,503.73,341.56,162.17,EUR
20240109,12,12,3,2,1,INV654713,2,23.67,138.14,278.96,2990.81,1706.05,1284.76,EUR
20240321,21,20,3,9,3,INV991225,5,42.18,155.06,800.19,5740.24,3470.57,2269.67,EUR
20241015,27,22,4,4,2,INV446457,3,43.86,189.0,484.37,7805.17,4421.02,3384.15,EUR
20251227,17,26,1,13,2,INV741714,1,20.38,186.32,447.38,3349.82,2431.62,918.2,EUR
20240905,17,9,4,5,1,INV702847,3,43.98,60.12,278.06,2366.02,1662.85,703.17,EUR
20251104,36,6,2,4,1,INV722142,3,25.52,34.38,126.86,750.52,538.17,212.35,EUR
20240811,37,22,3,2,1,INV265353,1,48.4,199.56,1468.6,8190.1,5189.76,3000.34,EUR
20240303,12,4,4,13,1,INV602194,3,15.77,171.81,188.44,2521.0,1477.61,1043.39,EUR
20251227,27,12,3,8,3,INV238319,2,2.83,11.93,2.04,31.72,21.25,10.47,EUR
20241107,25,30,1,3,3,INV740615,2,28.76,166.36,135.34,4649.17,3352.93,1296.24,EUR
20241230,7,5,1,4,3,INV583887,3,43.07,174.22,793.53,6710.13,4552.63,2157.5,EUR
20240713,22,19,3,11,3,INV980366,4,48.23,115.52,479.42,5092.11,3777.58,1314.53,EUR
20250810,40,7,1,5,3,INV478007,5,15.62,59.28,60.6,865.35,533.37,331.98,EUR
20240327,5,8,3,1,1,INV411032,2,10.33,87.41,168.45,734.5,530.5,204.0,EUR
20240204,16,7,3,8,2,INV292006,3,20.92,134.64,10.54,2806.13,1598.36,1207.77,EUR
20250406,38,14,4,13,3,INV971571,1,2.6,160.38,82.44,334.55,232.63,101.92,EUR
20251228,10,19,3,7,3,INV152557,2,44.42,134.23,771.11,5191.39,4109.94,1081.45,EUR
20250324,19,3,4,5,1,INV139363,3,11.18,70.52,24.47,763.94,504.94,259.0,EUR
20250110,4,6,2,14,3,INV739109,3,21.68,74.28,144.44,1465.95,881.08,584.87,EUR
20240612,13,7,2,9,1,INV753900,2,1.46,13.09,1.26,17.85,12.0,5.85,EUR
20240420,14,7,1,4,1,INV330120,2,13.43,99.0,18.01,1311.56,928.16,383.4,EUR
20251117,28,26,4,6,1,INV558793,4,7.96,100.89,97.97,705.11,511.4,193.71,EUR
20241118,16,29,1,3,2,INV772928,3,11.32,24.87,50.87,230.66,178.32,52.34,EUR
20250818,36,25,3,14,2,INV278915,2,2.42,61.46,27.3,121.43,89.58,31.85,EUR
20240217,9,18,3,8,1,INV938394,5,40.67,161.46,1204.67,5361.91,2707.31,2654.6,EUR
20250410,11,6,2,5,1,INV491433,1,22.53,176.95,329.77,3656.91,2740.48,916.43,EUR
20251107,35,15,1,14,2,INV773388,4,16.73,59.49,21.07,974.2,717.01,257.19,EUR
20250907,12,30,3,1,2,INV477236,5,12.14,175.76,188.07,1945.66,1433.15,512.51,EUR
20250425,10,11,1,3,1,INV432039,5,2.97,191.6,88.99,480.06,289.46,190.6,EUR
20250207,35,10,3,9,3,INV875419,2,47.41,102.24,608.03,4239.17,2693.61,1545.56,EUR
20240319,12,4,2,2,1,INV149436,1,27.01,193.54,43.87,5183.65,3675.55,1508.1,EUR
20251205,36,14,1,11,1,INV576488,1,43.28,102.1,612.98,3805.91,2814.02,991.89,EUR
20240818,39,5,3,2,3,INV749515,5,13.34,77.44,123.59,909.46,655.33,254.13,EUR
20240422,32,4,2,3,1,INV616140,4,37.67,57.46,241.37,1923.15,1066.46,856.69,EUR
20240122,24,28,3,3,1,INV218475,4,9.63,139.03,183.45,1155.41,668.06,487.35,EUR
20251023,25,28,2,4,3,INV871689,1,34.93,165.13,233.44,5534.55,3248.61,2285.94,EUR
20241105,29,29,1,5,3,INV981451,5,25.46,123.85,581.74,2571.48,1294.8,1276.68,EUR
20250420,2,26,2,1,2,INV743668,4,38.53,140.03,77.01,5318.35,3881.47,1436.88,EUR
20241116,13,26,4,8,2,INV754221,2,20.47,130.59,111.85,2561.33,2008.82,552.51,EUR
20250904,21,14,2,5,1,INV574323,4,24.23,161.01,124.85,3776.42,2294.58,1481.84,EUR
20240606,2,14,1,7,2,INV669100,1,7.95,124.87,5.51,987.21,602.86,384.35,EUR
20240610,10,19,3,2,1,INV438249,4,11.7,38.81,28.86,425.22,309.23,115.99,EUR
20251218,38,13,2,7,1,INV585776,2,32.64,42.75,173.7,1221.66,719.55,502.11,EUR
20240703,3,14,4,2,2,INV795463,3,31.55,15.14,63.89,413.78,249.05,164.73,EUR
20240718,14,24,1,4,3,INV664458,1,3.14,119.04,63.67,310.12,175.94,134.18,EUR
20240609,5,27,1,3,1,INV198944,2,39.32,80.7,187.89,2985.23,2086.15,899.08,EUR
20240425,24,18,2,14,2,INV669838,4,27.25,198.37,322.12,5083.46,2554.6,2528.86,EUR
20250819,8,17,3,5,3,INV663330,1,20.08,197.88,596.08,3377.35,2536.9,840.45,EUR
20251120,1,2,4,3,3,INV626884,4,22.67,109.64,121.57,2363.97,1404.44,959.53,EUR
20241201,25,21,4,5,2,INV885314,3,38.98,32.56,110.51,1158.68,624.29,534.39,EUR
20241030,12,4,2,12,2,INV947944,2,9.77,46.73,1.56,454.99,321.7,133.29,EUR
20240216,19,6,3,9,1,INV934496,1,14.79,102.26,154.59,1357.84,1037.38,320.46,EUR
20251217,8,3,4,14,3,INV568203,2,41.44,87.19,440.38,3172.77,2516.1,656.67,EUR
20241011,37,23,1,11,1,INV638640,2,6.43,114.42,8.39,727.33,554.63,172.7,EUR
20250308,27,1,2,12,1,INV165418,1,18.04,47.37,27.57,826.98,497.01,329.97,EUR
20250711,26,7,1,1,2,INV762499,1,17.01,44.1,36.65,713.49,470.07,243.42,EUR
20240828,36,23,1,6,3,INV822586,2,46.32,170.07,970.44,6907.2,4821.19,2086.01,EUR
20250801,40,2,1,8,2,INV659920,4,9.04,96.9,76.41,799.57,458.33,341.24,EUR
20240820,12,28,2,14,3,INV739016,4,33.99,177.73,246.29,5794.75,4313.42,1481.33,EUR
20250221,6,17,3,11,1,INV761762,5,45.74,152.51,1071.43,5904.38,3265.77,2638.61,EUR
20250410,7,8,4,9,2,INV914713,1,1.04,24.13,0.78,24.32,15.85,8.47,EUR
20240609,13,29,2,12,3,INV259755,1,33.98,171.34,851.3,4970.83,2819.17,2151.66,EUR
20240710,30,24,1,9,2,INV441171,1,20.9,180.17,371.29,3394.26,1793.84,1600.42,EUR
20240214,28,25,3,14,3,INV275162,1,32.11,187.52,629.4,5391.87,4081.05,1310.82,EUR
20240929,16,25,1,10,1,INV589778,5,22.79,87.85,184.45,1817.65,1183.2,634.45,EUR
20240423,23,19,4,10,3,INV774498,2,27.51,66.79,242.81,1594.58,882.53,712.05,EUR
20251122,2,23,2,12,2,INV495177,3,35.1,166.18,622.8,5210.12,3798.78,1411.34,EUR
20250918,23,19,1,3,2,INV569989,2,16.09,106.37,193.57,1517.92,1192.67,325.25,EUR
20241217,21,8,3,11,2,INV758793,1,38.44,150.25,1024.12,4751.49,3201.55,1549.94,EUR
20250914,2,15,3,11,2,INV249652,5,21.19,122.15,516.13,2072.23,1075.24,996.99,EUR
20250324,37,20,4,8,1,INV689756,1,28.11,123.1,212.46,3247.88,2286.23,961.65,EUR
20240918,36,12,3,7,2,INV178924,5,10.48,125.57,132.67,1183.3,698.95,484.35,EUR
20250224,30,8,3,14,2,INV644197,3,11.11,149.28,177.94,1480.56,977.12,503.44,EUR
20250124,19,25,1,5,2,INV431388,1,39.82,41.67,212.39,1446.91,1073.41,373.5,EUR
20240111,21,6,1,14,1,INV271994,4,7.84,97.15,60.43,701.23,411.6,289.63,EUR
20250908,4,1,2,5,3,INV974055,3,18.57,29.83,24.53,529.41,353.06,176.35,EUR
20250706,37,18,2,14,3,INV943577,1,17.16,67.97,190.07,976.3,649.55,326.75,EUR
20250925,39,24,4,5,3,INV211134,5,18.03,197.01,168.06,3384.03,1843.66,1540.37,EUR
20250402,24,30,1,1,1,INV323193,1,34.3,146.84,765.34,4271.27,2652.41,1618.86,EUR
20250829,39,12,2,1,2,INV506221,3,5.76,59.6,38.82,304.48,227.64,76.84,EUR
20250708,19,14,4,10,1,INV627070,4,45.79,183.33,1097.4,7297.28,4810.7,2486.58,EUR
20240614,27,29,1,1,1,INV761675,2,21.96,178.83,96.51,3830.6,2180.68,1649.92,EUR
20241029,20,9,2,10,3,INV145367,4,24.71,136.4,643.55,2726.89,1820.44,906.45,EUR
20250214,24,6,3,1,2,INV248649,2,6.72,182.93,150.29,1079.0,680.69,398.31,EUR
20250504,9,11,4,13,1,INV293186,2,7.12,11.5,3.86,78.02,60.82,17.2,EUR
20251025,19,15,1,5,2,INV422230,4,45.14,67.68,176.32,2878.76,2117.73,761.03,EUR
20250116,39,8,4,6,1,INV201071,2,27.18,69.38,184.46,1701.29,892.41,808.88,EUR
20240520,19,11,3,4,1,INV274298,5,3.76,150.79,44.72,522.25,364.28,157.97,EUR
20240403,5,30,4,4,3,INV250141,4,25.24,90.86,124.16,2169.15,1502.7,666.45,EUR
20240909,40,12,3,12,3,INV436832,5,16.91,44.38,100.35,650.12,358.28,291.84,EUR
20241220,9,23,3,2,2,INV221274,5,17.06,79.97,22.93,1341.36,697.46,643.9,EUR
20241210,4,17,1,6,2,INV728397,1,13.66,96.28,70.82,1244.36,708.16,536.2,EUR
20250109,14,12,2,5,2,INV654617,3,6.49,160.0,95.79,942.61,572.09,370.52,EUR
20241103,37,15,2,5,2,INV988568,5,10.96,73.34,78.5,725.31,478.92,246.39,EUR
20240815,13,4,2,7,1,INV925769,1,34.73,55.53,248.52,1680.04,1302.93,377.11,EUR
20240705,28,30,1,9,2,INV630608,5,44.59,164.3,815.86,6510.28,3943.85,2566.43,EUR
20240627,31,18,4,4,1,INV399096,5,22.3,70.03,19.55,1542.12,855.05,687.07,EUR
20250331,20,14,3,14,3,INV323039,3,36.72,101.7,601.82,3132.6,2047.33,1085.27,EUR
20240413,33,19,1,6,2,INV818860,4,10.21,63.05,49.12,594.62,312.94,281.68,EUR
20250505,29,24,4,3,3,INV948373,4,29.85,22.41,41.53,627.41,353.21,274.2,EUR
20250209,9,19,3,7,3,INV932429,4,13.84,182.15,26.55,2494.41,1686.88,807.53,EUR
20250822,2,23,1,2,1,INV658121,5,28.15,101.14,328.8,2518.29,1660.53,857.76,EUR
20240827,22,6,1,12,1,INV666548,5,21.07,109.19,416.23,1884.4,1038.42,845.98,EUR
20241028,25,9,3,10,3,INV744949,4,29.56,93.23,309.23,2446.65,1866.92,579.73,EUR
20250517,22,21,3,13,3,INV232559,5,37.35,170.09,65.23,6287.63,3414.42,2873.21,EUR
20250327,38,15,1,14,1,INV413775,5,27.48,131.47,655.58,2957.22,1879.48,1077.74,EUR
20240324,30,1,3,13,3,INV654823,3,45.88,59.91,180.71,2567.96,1360.16,1207.8,EUR
20240929,14,14,4,13,1,INV648481,4,49.12,29.91,53.54,1415.64,800.25,615.39,EUR
20240131,14,17,3,13,2,INV990158,5,6.59,25.56,8.28,160.16,127.46,32.7,EUR
20250518,35,3,3,6,3,INV111908,1,37.16,127.27,867.29,3862.06,3050.34,811.72,EUR
20250809,11,27,1,8,2,INV705125,1,19.15,38.08,125.64,603.59,469.22,134.37,EUR
20250822,14,8,3,2,3,INV969331,3,37.48,112.31,17.4,4191.98,3003.86,1188.12,EUR
20240113,21,7,2,11,2,INV120945,1,6.97,55.81,45.47,343.53,172.84,170.69,EUR
20250629,9,28,4,5,1,INV777713,3,18.13,56.24,86.99,932.64,626.91,305.73,EUR
20251207,34,11,1,14,3,INV852016,1,3.09,72.27,39.27,184.04,108.55,75.49,EUR
20250417,14,13,1,6,3,INV933696,5,25.31,82.03,166.95,1909.23,1478.71,430.52,EUR
20240321,14,23,3,9,3,INV728709,4,28.85,49.71,69.41,1364.72,935.66,429.06,EUR
20251222,1,21,3,9,2,INV887769,4,5.43,130.25,41.29,665.97,465.98,199.99,EUR
20240329,22,28,4,14,2,INV351038,5,24.88,45.33,78.21,1049.6,801.02,248.58,EUR
20240413,25,10,2,7,3,INV743242,1,33.34,169.28,1028.31,4615.49,2960.66,1654.83,EUR
20240705,30,1,2,9,3,INV542314,4,21.08,75.19,79.05,1505.96,832.99,672.97,EUR
20240325,25,26,3,5,1,INV956686,4,4.75,179.73,106.45,747.27,529.79,217.48,EUR
20241127,14,11,3,7,2,INV144935,3,48.2,17.12,110.46,714.72,474.62,240.1,EUR
20240518,32,7,1,5,1,INV610243,4,11.22,35.52,68.33,330.2,251.52,78.68,EUR
20240926,17,22,3,8,1,INV654558,5,12.27,70.23,36.44,825.28,417.99,407.29,EUR
20250225,37,26,1,7,2,INV521665,3,35.06,173.51,802.11,5281.15,3601.97,1679.18,EUR
20251209,1,19,2,3,3,INV662646,3,46.99,106.74,767.67,4248.04,3234.25,1013.79,EUR
20241225,8,28,2,14,2,INV663753,4,7.65,103.28,71.66,718.43,550.66,167.77,EUR
20240122,28,26,1,13,1,INV894358,4,42.12,165.94,1084.28,5905.11,4308.96,1596.15,EUR
20240205,13,10,2,10,3,INV896924,5,45.16,106.38,197.49,4606.63,2952.7,1653.93,EUR
20251029,23,17,2,12,1,INV324866,4,14.91,100.23,4.16,1490.27,857.38,632.89,EUR
20240826,1,20,1,10,1,INV466064,2,26.12,131.01,286.85,3135.13,1589.38,1545.75,EUR
20250712,9,13,2,6,2,INV925779,2,48.52,185.53,122.1,8879.82,6697.29,2182.53,EUR
20240826,6,20,1,12,3,INV473397,4,23.63,11.39,40.8,228.35,118.72,109.63,EUR
20240227,32,23,3,2,3,INV325539,2,14.27,199.59,136.82,2711.33,1803.72,907.61,EUR
20240318,4,20,4,12,3,INV424603,1,47.78,185.48,255.58,8606.65,5018.66,3587.99,EUR
20250421,2,19,4,3,3,INV508708,3,43.41,119.12,211.69,4959.31,2743.67,2215.64,EUR
20240321,32,27,3,13,1,INV294534,3,1.69,168.15,39.44,244.73,171.81,72.92,EUR
20240625,27,4,1,9,3,INV154125,1,10.43,82.69,74.45,788.01,556.54,231.47,EUR
20240808,4,16,1,3,3,INV518755,4,35.03,42.27,276.67,1204.05,656.73,547.32,EUR
20240205,3,20,3,13,1,INV509913,4,36.35,23.31,61.07,786.25,489.66,296.59,EUR
20250710,38,1,1,6,2,INV598908,5,16.34,21.39,34.6,314.91,170.36,144.55,EUR
20250730,1,1,4,4,3,INV583895,1,10.29,157.95,212.7,1412.61,779.05,633.56,EUR
20240405,7,7,4,10,1,INV879348,5,24.16,24.36,45.89,542.65,294.53,248.12,EUR
20240502,2,26,3,6,3,INV911046,3,37.43,160.55,1200.43,4808.96,2564.56,2244.4,EUR
20240620,36,26,1,8,1,INV576879,3,16.01,87.34,274.98,1123.33,610.43,512.9,EUR
20240818,20,10,2,3,2,INV251230,1,32.75,12.93,28.99,394.47,222.64,171.83,EUR
20250824,18,25,1,3,3,INV796588,1,29.58,67.97,331.05,1679.5,1241.74,437.76,EUR
20250430,12,13,1,4,3,INV291503,4,32.44,77.09,47.2,2453.6,1906.16,547.44,EUR
20250426,27,3,4,10,2,INV855184,5,2.18,194.43,11.35,412.51,323.58,88.93,EUR
20251209,23,19,3,2,2,INV138855,2,6.18,119.24,16.28,720.62,566.79,153.83,EUR
20250703,38,30,1,3,2,INV666747,4,49.68,143.59,1045.07,6088.48,4509.74,1578.74,EUR
20250227,17,16,4,13,3,INV807227,4,7.22,98.09,141.52,566.69,437.69,129.0,EUR
20250527,34,9,3,8,2,INV124783,5,37.71,93.28,462.46,3055.13,2422.49,632.64,EUR
20250801,8,19,1,8,2,INV749814,5,7.4,93.06,6.01,682.63,423.98,258.65,EUR
20250625,13,13,2,14,1,INV923575,3,49.0,62.93,165.91,2917.66,1841.38,1076.28,EUR
20250404,3,17,2,2,1,INV701970,5,21.1,62.12,49.15,1261.58,901.18,360.4,EUR
20240110,11,3,2,4,3,INV862160,4,34.63,151.08,906.4,4325.5,2628.97,1696.53,EUR
20241202,1,29,2,13,1,INV102074,1,2.01,114.22,17.31,212.27,156.65,55.62,EUR
20250216,30,8,1,10,1,INV103521,5,26.53,155.94,470.08,3667.01,1932.49,1734.52,EUR
20240915,8,13,1,1,3,INV997448,1,19.84,153.06,381.27,2655.44,1981.28,674.16,EUR
20240522,32,7,4,12,3,INV805958,5,47.31,119.66,520.63,5140.48,3674.97,1465.51,EUR
20240215,25,1,3,5,3,INV983577,1,47.2,174.65,902.85,7340.63,4727.43,2613.2,EUR
20240921,25,8,1,1,1,INV725711,5,26.24,140.02,183.0,3491.12,1869.92,1621.2,EUR
20240409,16,15,1,2,3,INV189299,3,5.53,124.78,89.12,600.91,425.62,175.29,EUR
20241203,33,5,3,3,1,INV298298,3,40.44,136.3,75.42,5436.55,3050.1,2386.45,EUR
20240901,18,14,4,1,2,INV437276,4,47.23,125.37,296.51,5624.72,3794.44,1830.28,EUR
20251221,18,28,4,7,2,INV255472,1,5.68,114.6,34.76,616.17,427.12,189.05,EUR
20240117,9,23,1,12,3,INV259601,2,32.98,107.53,423.05,3123.29,2280.37,842.92,EUR
20240102,10,29,4,3,1,INV656666,3,25.54,23.31,31.21,564.13,337.03,227.1,EUR
20240519,30,8,3,11,1,INV531579,3,8.83,186.8,113.63,1535.81,977.28,558.53,EUR
20240109,19,3,2,10,1,INV909070,5,47.57,114.82,362.69,5099.3,3389.43,1709.87,EUR
20251204,27,3,2,13,3,INV443266,3,28.66,64.5,320.27,1528.3,946.44,581.86,EUR
20240202,4,15,2,4,1,INV377350,4,21.01,20.22,10.86,413.96,237.07,176.89,EUR
20240526,30,3,1,2,3,INV881857,2,10.82,181.78,223.36,1743.5,1389.68,353.82,EUR
20251004,28,3,3,2,1,INV130791,3,47.38,145.91,15.94,6897.28,4970.38,1926.9,EUR
20250321,21,8,3,5,2,INV860643,1,48.56,68.04,117.43,3186.59,1731.27,1455.32,EUR
20250326,27,8,3,7,1,INV212272,5,5.32,54.95,21.4,270.93,193.92,77.01,EUR
20251002,14,24,3,8,1,INV372077,2,18.14,192.61,58.05,3435.9,2747.87,688.03,EUR
20250701,11,6,3,13,1,INV885858,2,41.48,136.95,208.22,5472.47,3480.05,1992.42,EUR
20240104,33,13,4,12,2,INV468136,4,47.68,172.63,454.45,7776.55,4066.95,3709.6,EUR
20250928,29,29,4,14,3,INV563468,5,42.96,61.22,327.99,2302.02,1477.88,824.14,EUR
20240323,11,19,1,11,1,INV479170,1,2.79,195.24,11.86,532.86,348.0,184.86,EUR
20250527,37,16,3,3,1,INV346723,3,43.34,164.22,437.86,6679.43,3955.37,2724.06,EUR
20250305,25,18,2,2,1,INV191100,3,39.74,92.24,185.32,3480.3,2510.95,969.35,EUR
20241230,11,12,3,10,1,INV118027,4,33.34,62.52,118.0,1966.42,1465.98,500.44,EUR
20240506,7,22,4,13,1,INV673258,5,4.94,37.88,9.32,177.81,134.63,43.18,EUR
20250315,15,10,2,6,3,INV715261,3,25.52,174.16,716.72,3727.84,2673.62,1054.22,EUR
20250624,34,9,4,9,1,INV524832,4,13.72,157.08,149.7,2005.44,1061.88,943.56,EUR
20240413,3,6,1,3,2,INV426109,2,33.17,63.0,335.25,1754.46,975.39,779.07,EUR
20240131,8,23,4,1,2,INV740995,5,21.77,166.52,173.8,3451.34,1872.98,1578.36,EUR
20251231,33,13,1,1,1,INV271081,1,49.98,48.31,287.17,2127.36,1415.18,712.18,EUR
20250829,40,20,1,2,1,INV946817,3,2.59,12.51,1.93,30.47,23.8,6.67,EUR
20240429,16,4,4,12,1,INV718338,4,38.33,115.41,40.33,4383.34,3176.89,1206.45,EUR
20251007,25,29,2,13,2,INV816956,5,48.91,198.22,1399.48,8295.46,4790.72,3504.74,EUR
20250818,19,28,4,14,3,INV444621,3,46.14,129.45,92.03,5880.79,4630.89,1249.9,EUR
20241214,15,11,2,12,1,INV123733,4,46.21,116.04,724.97,4637.24,3483.2,1154.04,EUR
20250619,1,16,2,13,2,INV727828,1,36.04,98.91,674.08,2890.64,1537.05,1353.59,EUR
20240129,36,23,1,13,3,INV592811,2,7.36,48.53,42.56,314.62,228.87,85.75,EUR
20251010,25,9,4,8,1,INV661485,2,24.77,169.13,33.78,4155.57,3172.74,982.83,EUR
20250727,7,29,1,3,2,INV673602,1,34.01,146.1,364.05,4604.81,2788.53,1816.28,EUR
20250527,3,1,2,11,2,INV801633,3,10.51,155.93,69.91,1568.91,970.49,598.42,EUR
20240709,11,27,1,7,3,INV139899,4,30.52,155.05,521.94,4210.19,3174.8,1035.39,EUR
20240922,26,22,4,1,2,INV939748,4,34.43,77.74,233.9,2442.69,1727.05,715.64,EUR
20240908,37,28,3,12,3,INV248937,1,16.77,149.8,421.4,2090.75,1606.52,484.23,EUR
20240528,25,3,1,8,1,INV328155,2,18.83,196.05,705.09,2986.53,2074.54,911.99,EUR
20240921,11,10,2,12,3,INV828590,1,31.38,174.48,632.81,4842.37,2840.38,2001.99,EUR
20241026,33,3,2,1,1,INV416069,1,37.19,124.13,747.38,3869.01,2879.37,989.64,EUR
20241119,15,2,2,2,2,INV174730,4,24.34,79.3,311.74,1618.42,1076.27,542.15,EUR
20250201,19,13,2,4,3,INV744312,3,12.4,114.49,26.54,1393.14,832.76,560.38,EUR
20240501,18,30,4,7,2,INV906048,2,25.04,165.85,486.06,3666.82,2300.36,1366.46,EUR
20240505,21,16,2,9,2,INV436542,1,7.7,156.38,218.15,985.98,761.45,224.53,EUR
20241203,7,5,2,10,2,INV902241,5,25.39,28.71,52.82,676.13,369.46,306.67,EUR
20251016,3,25,4,3,1,INV870023,4,1.92,66.17,7.44,119.61,87.02,32.59,EUR
20250113,18,14,4,8,1,INV138460,3,4.17,29.33,11.27,111.04,57.56,53.48,EUR
20250527,30,4,3,7,2,INV891358,4,27.05,131.83,163.95,3402.05,2379.3,1022.75,EUR
20240303,14,4,4,6,2,INV339359,5,1.78,45.29,7.13,73.49,54.85,18.64,EUR
20241104,33,28,3,12,2,INV804348,2,19.78,40.78,27.87,778.76,450.02,328.74,EUR
20250207,34,13,2,8,1,INV681960,5,41.86,199.44,749.19,7599.37,4776.84,2822.53,EUR
20240519,1,15,4,11,1,INV250802,4,47.33,173.34,1159.1,7045.08,5515.76,1529.32,EUR
20240801,36,30,4,8,2,INV825225,2,18.55,33.82,112.06,515.3,324.31,190.99,EUR
20250531,31,20,1,7,3,INV827798,1,40.07,108.23,811.95,3524.83,2813.15,711.68,EUR
20250828,15,6,1,12,2,INV918069,3,39.09,59.34,160.91,2158.69,1095.79,1062.9,EUR
20250621,39,25,2,8,1,INV705773,4,37.37,191.83,469.37,6699.32,5065.53,1633.79,EUR
20250315,17,25,1,6,1,INV814931,3,21.16,20.98,42.06,401.88,272.72,129.16,EUR
20250419,32,23,3,6,2,INV266498,4,42.68,121.47,894.46,4289.88,2455.41,1834.47,EUR
20250623,17,5,2,8,1,INV521990,2,23.32,49.19,13.68,1133.43,626.58,506.85,EUR
20251020,10,16,1,2,1,INV976522,4,41.68,133.74,546.39,5027.89,3429.14,1598.75,EUR
20250518,7,14,2,1,2,INV265270,5,44.27,80.67,206.38,3364.88,2527.51,837.37,EUR
20250217,37,18,2,1,2,INV284257,1,41.94,191.52,12.63,8019.72,5416.15,2603.57,EUR
20240702,12,1,2,12,2,INV696261,5,1.68,199.41,59.66,275.35,152.91,122.44,EUR
20250211,18,16,1,1,2,INV672907,1,43.55,95.61,735.78,3428.04,2495.07,932.97,EUR
20240809,6,13,2,8,1,INV459067,1,47.13,65.33,122.1,2956.9,1642.34,1314.56,EUR
20250414,12,9,3,7,3,INV334751,1,43.29,93.71,456.95,3599.76,2644.94,954.82,EUR
20250319,16,30,1,9,1,INV690161,1,37.33,153.68,373.01,5363.86,2779.87,2583.99,EUR
20241224,40,24,3,2,3,INV732944,2,37.17,52.72,181.07,1778.53,973.57,804.96,EUR
20250520,12,18,1,3,3,INV223598,4,11.89,133.92,95.05,1497.26,1095.58,401.68,EUR
20250315,4,5,4,12,2,INV574546,4,32.65,166.57,493.4,4945.11,2719.12,2225.99,EUR
20251021,20,12,2,10,2,INV377636,5,37.7,121.41,21.42,4555.74,3265.72,1290.02,EUR
20250601,35,14,3,14,1,INV539034,4,49.69,153.17,1288.53,6322.49,3202.41,3120.08,EUR
20240215,35,1,1,10,1,INV723925,1,9.13,156.61,258.55,1171.3,858.55,312.75,EUR
20241102,16,20,1,5,2,INV668552,5,45.78,121.11,192.23,5352.19,2927.99,2424.2,EUR
20240716,16,7,2,1,1,INV356564,3,4.29,39.25,12.6,155.78,108.36,47.42,EUR
20241205,23,28,1,2,3,INV864816,2,49.48,63.9,503.49,2658.28,1873.78,784.5,EUR
20240204,15,28,4,10,3,INV952659,5,40.62,64.12,408.06,2196.49,1509.28,687.21,EUR
20240908,13,29,2,5,1,INV513258,2,30.01,35.13,171.18,883.07,448.6,434.47,EUR
20250731,35,21,2,2,1,INV972051,3,37.88,27.19,181.21,848.75,439.02,409.73,EUR
20241207,39,13,3,14,3,INV730344,5,7.56,20.72,4.47,152.17,120.23,31.94,EUR
20250215,13,3,4,8,2,INV716560,3,14.61,22.46,0.98,327.16,181.47,145.69,EUR
20241001,6,19,2,8,2,INV752354,1,29.71,44.35,117.62,1200.02,853.09,346.93,EUR
20240412,31,12,2,12,2,INV234331,4,42.89,62.07,169.58,2492.6,1745.65,746.95,EUR
20250604,26,9,4,2,1,INV835281,1,44.63,90.89,363.92,3692.5,2695.29,997.21,EUR
20240128,1,19,2,11,3,INV658939,3,16.45,36.11,7.26,586.75,322.63,264.12,EUR
20240418,5,12,2,14,2,INV471852,1,16.57,61.47,146.63,871.93,472.47,399.46,EUR
20250818,7,10,2,11,1,INV642559,4,24.77,122.34,386.5,2643.86,1528.89,1114.97,EUR
20250911,9,12,3,14,1,INV260773,1,25.58,54.89,229.89,1174.2,808.42,365.78,EUR
20251122,21,23,1,10,1,INV871703,1,15.82,113.12,176.32,1613.24,1015.42,597.82,EUR
20251011,25,27,2,4,1,INV894352,2,29.86,197.37,506.84,5386.63,2847.28,2539.35,EUR
20250924,4,6,3,8,3,INV669273,3,48.04,62.24,528.29,2461.72,1477.19,984.53,EUR
20250530,23,24,2,14,3,INV667789,2,48.66,70.92,301.78,3149.19,2324.48,824.71,EUR
20240518,26,26,2,1,3,INV632587,3,20.5,33.81,81.02,612.09,336.95,275.14,EUR
20241108,14,28,3,12,2,INV184046,5,20.2,115.54,80.57,2253.34,1714.51,538.83,EUR
20240109,7,18,2,6,3,INV934471,4,9.23,177.76,98.4,1542.32,850.79,691.53,EUR
20250225,13,19,3,3,3,INV113329,1,42.7,42.21,58.59,1743.78,1354.25,389.53,EUR
20240330,19,19,2,10,1,INV926341,1,30.67,134.47,325.33,3798.86,2847.03,951.83,EUR
20250330,3,5,4,7,1,INV375016,3,41.57,20.0,96.56,734.84,462.28,272.56,EUR
20240708,5,16,3,11,1,INV119674,2,31.11,19.48,92.15,513.87,345.57,168.3,EUR
20240908,24,25,2,9,3,INV286265,2,8.86,168.91,28.03,1468.51,1152.62,315.89,EUR
20240815,25,28,1,12,1,INV540267,1,46.66,37.28,169.03,1570.45,802.79,767.66,EUR
20250213,18,13,1,11,3,INV538289,1,24.23,92.83,58.39,2190.88,1280.38,910.5,EUR
20251226,34,23,3,1,1,INV700249,3,12.19,42.96,28.42,495.26,261.02,234.24,EUR
20250311,10,28,2,11,1,INV315572,2,39.54,31.79,161.63,1095.35,808.12,287.23,EUR
20240922,19,23,1,7,2,INV243882,2,36.06,83.93,167.08,2859.44,2130.68,728.76,EUR
20240429,13,15,2,8,2,INV790479,4,26.64,100.56,225.15,2453.77,1903.08,550.69,EUR
20240202,28,28,2,13,2,INV733764,3,9.82,195.19,313.89,1602.88,1224.6,378.28,EUR
20240312,31,11,3,2,3,INV677219,4,1.97,26.44,8.82,43.27,29.68,13.59,EUR
20250801,13,6,3,12,1,INV143176,2,15.06,51.65,47.86,729.99,533.95,196.04,EUR
20240320,32,6,2,5,2,INV549210,3,40.01,105.19,327.2,3881.45,2238.27,1643.18,EUR
20250806,1,6,3,14,2,INV910246,5,19.12,52.82,170.08,839.84,454.39,385.45,EUR
20250726,37,2,3,12,2,INV281358,2,26.27,149.45,209.04,3717.01,2586.49,1130.52,EUR
20240104,39,11,2,9,2,INV756221,3,24.6,189.29,162.4,4494.13,2773.98,1720.15,EUR
20241012,16,11,1,14,1,INV709800,2,24.37,24.75,81.06,522.1,268.87,253.23,EUR
20250515,27,24,1,5,1,INV577742,5,47.85,109.28,288.44,4940.61,3147.72,1792.89,EUR
20250209,25,3,4,14,3,INV997726,3,44.05,58.72,214.22,2372.4,1518.83,853.57,EUR
20251126,25,25,2,7,3,INV948439,1,19.02,66.42,175.35,1087.96,713.53,374.43,EUR
20250613,39,19,1,1,1,INV574807,4,46.3,41.72,325.72,1605.92,808.3,797.62,EUR
20250613,20,11,1,12,2,INV781377,5,19.87,65.11,61.11,1232.63,768.63,464.0,EUR
20250314,3,11,1,4,3,INV360024,4,14.08,90.71,130.07,1147.13,646.27,500.86,EUR
20250209,31,21,4,11,1,INV123334,4,24.08,160.38,698.83,3163.12,2101.57,1061.55,EUR
20240518,12,24,2,7,2,INV999281,4,45.65,132.05,935.68,5092.4,3484.69,1607.71,EUR
20250608,29,17,4,6,1,INV626785,3,34.14,163.58,52.15,5532.47,3547.52,1984.95,EUR
20240729,37,14,2,5,3,INV952708,2,35.12,141.78,864.86,4114.45,2678.98,1435.47,EUR
20250508,26,1,3,13,3,INV438326,1,42.35,130.99,633.52,4913.91,2661.86,2252.05,EUR
20240430,30,2,3,11,3,INV543115,1,27.71,86.28,345.85,2044.97,1040.73,1004.24,EUR
20250204,14,6,1,13,1,INV521757,2,29.32,192.81,1013.41,4639.78,2340.53,2299.25,EUR
20240715,38,19,2,13,3,INV980075,5,4.92,199.09,159.94,819.58,638.57,181.01,EUR
20250517,8,18,2,7,3,INV438541,2,38.86,54.34,38.19,2073.46,1495.51,577.95,EUR
20240107,35,14,3,10,2,INV279952,4,29.78,39.97,49.1,1141.21,808.7,332.51,EUR
20250702,16,29,1,11,1,INV442711,3,34.67,131.55,631.52,3929.32,2097.81,1831.51,EUR
20250102,37,20,4,8,1,INV498858,5,9.8,127.22,204.35,1042.41,658.55,383.86,EUR
20240103,24,9,2,5,1,INV688682,5,37.38,62.81,369.24,1978.6,1471.12,507.48,EUR
20251215,10,26,1,8,3,INV664948,1,21.3,105.38,416.34,1828.25,1126.04,702.21,EUR
20250120,18,22,2,11,1,INV460437,5,29.42,153.56,815.84,3701.9,1908.48,1793.42,EUR
20250123,17,29,2,14,3,INV635824,1,17.1,47.95,73.59,746.36,383.57,362.79,EUR
20250502,4,30,2,7,3,INV412836,1,22.87,19.11,2.72,434.33,299.14,135.19,EUR
20240202,34,21,1,8,1,INV521644,2,26.91,124.12,276.97,3063.1,1691.31,1371.79,EUR
20241030,20,27,3,13,1,INV792598,1,23.42,108.1,334.07,2197.63,1735.65,461.98,EUR
20250801,12,21,4,11,2,INV193131,1,21.53,10.41,42.0,182.13,128.52,53.61,EUR
20250906,25,28,1,3,2,INV525873,4,7.49,115.92,92.1,776.14,583.81,192.33,EUR
20240902,40,4,4,1,3,INV894201,2,49.72,90.04,602.14,3874.65,2962.98,911.67,EUR
20241014,18,7,3,13,3,INV500016,2,32.45,73.46,248.83,2134.95,1593.52,541.43,EUR
20250511,1,3,2,1,3,INV882634,3,40.71,186.78,216.87,7386.94,4053.15,3333.79,EUR
20250117,14,14,1,10,1,INV263798,2,23.47,57.24,49.07,1294.35,1000.33,294.02,EUR
20250806,29,13,1,4,3,INV495022,4,1.04,184.48,11.27,180.59,110.63,69.96,EUR
20240516,20,2,3,6,1,INV832326,4,13.54,153.24,290.45,1784.42,1328.58,455.84,EUR
20250111,18,22,1,4,2,INV967244,3,42.18,180.78,833.88,6791.42,3637.87,3153.55,EUR
20250806,29,16,2,9,2,INV389873,4,21.14,199.82,811.66,3412.53,1942.57,1469.96,EUR
20240209,25,13,4,10,3,INV654633,4,14.9,24.0,26.67,330.93,196.28,134.65,EUR
20250511,12,5,1,5,1,INV734212,5,19.96,41.5,68.04,760.3,521.54,238.76,EUR
20240112,25,14,4,2,2,INV696845,5,21.0,45.94,66.52,898.22,613.56,284.66,EUR
20250827,39,22,2,10,3,INV732503,5,13.15,70.92,103.12,829.48,533.55,295.93,EUR
20250213,36,17,4,12,2,INV572844,5,10.18,184.11,162.62,1711.62,1010.42,701.2,EUR
20240909,17,17,2,1,3,INV946703,3,44.87,164.49,141.19,7239.48,4054.42,3185.06,EUR
20250624,13,25,1,3,1,INV522000,1,2.44,180.39,25.49,414.66,213.51,201.15,EUR
20251105,30,30,4,3,3,INV859564,1,47.87,67.94,424.14,2828.15,1606.53,1221.62,EUR
20240204,19,24,1,4,2,INV223950,1,11.0,164.19,179.06,1627.03,887.86,739.17,EUR
20251012,35,16,2,1,3,INV742669,5,22.3,72.17,216.1,1393.29,820.84,572.45,EUR
20251114,9,10,1,6,3,INV843881,2,3.72,44.7,11.2,155.08,88.34,66.74,EUR
20250806,32,14,4,10,1,INV752618,3,28.38,127.88,90.81,3538.42,2764.6,773.82,EUR
20250712,3,21,3,7,3,INV238106,1,5.17,135.19,34.39,664.54,518.72,145.82,EUR
20250404,40,14,4,2,3,INV551530,5,17.33,101.26,265.93,1488.91,1035.52,453.39,EUR
20251019,19,28,1,5,1,INV934040,3,25.05,32.9,26.93,797.22,452.55,344.67,EUR
20240315,13,16,3,14,2,INV201641,1,3.54,103.14,14.35,350.77,193.23,157.54,EUR
20250523,23,2,2,7,1,INV894369,5,38.33,44.07,15.2,1674.0,1186.03,487.97,EUR
20250928,38,20,1,10,1,INV640683,4,10.48,97.33,38.74,981.28,706.06,275.22,EUR
20241027,20,9,4,5,3,INV738513,1,39.21,103.74,20.89,4046.76,2933.65,1113.11,EUR
20250701,27,28,2,13,1,INV430525,1,46.23,178.12,1139.37,7095.12,4548.9,2546.22,EUR
20241125,5,25,1,13,2,INV760471,1,48.9,140.73,1174.47,5707.23,4522.96,1184.27,EUR
20240401,31,23,2,11,1,INV664357,5,18.01,60.92,84.16,1013.01,801.78,211.23,EUR
20240207,39,27,1,9,2,INV633603,1,17.87,113.48,32.06,1995.83,1438.96,556.87,EUR
20240407,21,29,4,5,2,INV853206,5,20.23,79.49,193.7,1414.38,756.82,657.56,EUR
20250211,4,21,4,14,2,INV102823,1,14.97,121.69,325.09,1496.61,1108.01,388.6,EUR
20241114,21,29,3,2,3,INV389712,1,49.73,57.24,525.54,2321.01,1656.16,664.85,EUR
20240602,12,3,1,11,1,INV717156,4,20.29,40.46,154.3,666.63,479.58,187.05,EUR
20240901,33,12,4,11,2,INV758864,1,33.34,111.49,9.25,3707.83,2289.67,1418.16,EUR
20240610,39,23,3,2,2,INV396206,4,35.76,49.26,71.77,1689.77,964.89,724.88,EUR
20250303,9,7,1,4,3,INV591176,3,13.92,13.93,35.21,158.7,122.2,36.5,EUR
20250318,32,2,4,1,3,INV276357,1,48.97,145.97,857.04,6291.11,4306.52,1984.59,EUR
20250707,19,28,2,2,1,INV309392,2,40.73,81.93,64.24,3272.77,2163.74,1109.03,EUR
20250720,22,18,1,6,1,INV939219,4,12.81,135.05,38.56,1691.43,1178.69,512.74,EUR
20240203,19,15,2,3,1,INV428769,2,30.43,99.37,4.24,3019.59,1942.27,1077.32,EUR
20241006,24,23,3,5,2,INV861695,1,43.31,138.99,817.36,5202.3,2815.88,2386.42,EUR
20251017,13,3,4,13,1,INV403327,4,37.55,166.35,714.96,5531.48,3975.8,1555.68,EUR
20250813,18,14,4,13,2,INV528001,2,43.77,44.16,126.3,1806.58,1314.62,491.96,EUR
20250119,1,12,2,1,1,INV885425,4,4.61,111.58,1.69,512.69,313.86,198.83,EUR
20250722,29,1,2,7,3,INV520777,1,17.2,164.39,222.45,2605.06,1334.99,1270.07,EUR
20250209,16,14,1,6,1,INV235544,5,44.47,26.67,150.22,1035.79,600.55,435.24,EUR
20240109,40,18,1,1,1,INV715138,1,30.03,197.8,69.74,5870.19,4239.65,1630.54,EUR
20251016,2,5,3,3,1,INV737859,3,17.61,140.83,380.63,2099.39,1339.45,759.94,EUR
20250114,37,15,3,4,1,INV702383,2,48.49,17.92,108.32,760.62,502.03,258.59,EUR
20240214,9,28,4,6,2,INV409619,3,13.63,61.94,106.4,737.84,579.61,158.23,EUR
20240214,21,10,3,12,2,INV445377,2,26.18,33.63,2.87,877.56,586.49,291.07,EUR
20250715,39,13,3,11,2,INV655108,2,14.89,169.4,142.76,2379.61,1425.51,954.1,EUR
20250219,11,28,2,10,3,INV489016,2,7.04,127.14,9.37,885.7,628.69,257.01,EUR
20250124,1,8,4,2,2,INV981177,2,16.17,90.38,130.84,1330.6,783.59,547.01,EUR
20251017,10,25,4,7,1,INV237449,2,18.31,198.92,266.59,3375.64,2057.62,1318.02,EUR
20240313,24,7,1,2,2,INV341591,1,21.73,163.7,224.84,3332.36,1720.13,1612.23,EUR
20250623,29,19,1,6,1,INV287949,3,15.81,49.75,92.93,693.62,410.82,282.8,EUR
20250803,17,2,4,5,3,INV881543,3,11.48,139.2,102.23,1495.79,1169.25,326.54,EUR
20250423,38,2,3,12,2,INV229088,5,46.75,25.19,151.44,1026.19,674.63,351.56,EUR
20250812,35,13,4,12,2,INV988786,4,29.46,91.64,209.68,2490.03,1336.94,1153.09,EUR
20240828,13,29,3,12,3,INV618936,3,31.73,116.32,292.31,3398.52,2672.78,725.74,EUR
20250118,30,2,2,4,3,INV827779,4,42.53,162.24,122.41,6777.66,3928.38,2849.28,EUR
20240107,7,19,2,3,1,INV732784,3,22.19,55.96,47.1,1194.65,890.27,304.38,EUR
20251207,39,23,4,4,3,INV239734,2,28.71,173.52,288.04,4693.72,2403.07,2290.65,EUR
20250728,9,11,2,13,1,INV955089,4,46.8,180.2,776.19,7657.17,5246.64,2410.53,EUR
20250830,12,9,2,8,2,INV348257,5,46.72,40.3,271.48,1611.34,1225.0,386.34,EUR
20251029,10,2,2,4,3,INV291219,1,29.19,57.76,334.36,1351.65,702.29,649.36,EUR
20250923,13,8,2,9,2,INV407584,2,11.41,66.42,100.01,657.84,448.25,209.59,EUR
20250621,10,29,1,13,3,INV606746,3,41.17,173.78,469.7,6684.82,3881.33,2803.49,EUR
20241216,9,29,4,1,2,INV439327,4,28.85,125.78,50.4,3578.35,2380.8,1197.55,EUR
20240814,8,1,1,12,2,INV926909,3,49.25,50.55,77.04,2412.55,1766.08,646.47,EUR
20250318,10,30,2,8,2,INV590145,4,11.7,188.45,182.64,2022.22,1451.54,570.68,EUR
20251217,3,13,4,5,3,INV601368,1,46.35,94.16,180.98,4183.34,2545.36,1637.98,EUR
20240831,25,26,1,6,3,INV428405,2,31.57,161.27,137.74,4953.55,2904.26,2049.29,EUR
20240208,31,26,3,12,1,INV238701,4,14.24,138.33,342.17,1627.65,1044.91,582.74,EUR
20250110,33,6,4,8,2,INV244409,3,28.89,10.46,55.96,246.23,184.46,61.77,EUR
20240115,3,8,4,4,3,INV794534,3,32.08,160.83,973.93,4185.5,3201.54,983.96,EUR
20240925,27,24,1,5,3,INV569569,3,16.44,102.28,197.14,1484.34,788.7,695.64,EUR
20240810,38,23,4,12,3,INV979380,5,35.7,170.0,726.04,5342.96,2795.52,2547.44,EUR
20250905,33,14,1,10,3,INV750348,3,40.88,12.7,29.29,489.89,348.15,141.74,EUR
20251108,14,5,4,13,2,INV411006,2,7.25,151.61,214.42,884.75,510.66,374.09,EUR
20250125,7,5,1,3,3,INV674674,5,35.49,177.3,1013.8,5278.58,2757.47,2521.11,EUR
20240416,22,20,3,9,2,INV339052,3,1.8,142.96,9.39,247.94,157.47,90.47,EUR
20251216,11,5,2,14,3,INV656851,3,47.01,67.03,521.01,2630.07,2048.15,581.92,EUR
20240614,22,13,4,12,3,INV829896,4,4.15,107.54,44.74,401.55,217.8,183.75,EUR
20240511,14,15,4,1,2,INV789191,5,48.65,65.12,245.8,2922.29,1504.52,1417.77,EUR
20251215,5,24,2,12,3,INV367825,5,32.48,86.15,261.65,2536.5,2013.63,522.87,EUR
20250905,35,28,3,7,1,INV889617,3,26.25,140.47,459.83,3227.51,2163.11,1064.4,EUR
20250131,13,29,2,1,3,INV999762,4,8.55,85.04,17.35,709.74,533.6,176.14,EUR
20240301,37,29,2,7,1,INV502853,4,7.49,28.8,13.92,201.79,155.43,46.36,EUR
20250405,33,14,3,6,2,INV797837,5,47.4,71.27,507.82,2870.38,1743.88,1126.5,EUR
20250520,23,4,2,5,2,INV551887,3,1.28,19.94,2.67,22.85,13.74,9.11,EUR
20250228,34,28,2,5,3,INV160282,3,4.49,82.7,18.96,352.36,187.44,164.92,EUR
20240628,17,28,3,5,1,INV907235,5,29.85,99.74,176.32,2800.92,1521.22,1279.7,EUR
20240725,13,17,4,9,2,INV117813,5,39.0,168.93,1081.24,5507.03,4186.33,1320.7,EUR
20240306,29,1,2,7,1,INV147796,5,15.62,187.96,90.36,2845.58,1603.91,1241.67,EUR
20251020,27,2,2,1,3,INV448949,1,27.49,149.82,183.97,3934.58,3127.74,806.84,EUR
20241011,5,7,3,11,3,INV112704,5,38.74,131.21,837.36,4245.72,2728.68,1517.04,EUR
20250511,37,29,4,3,2,INV452987,2,28.21,30.81,63.03,806.12,550.43,255.69,EUR
20250623,1,10,3,1,2,INV314584,3,37.92,81.75,428.6,2671.36,1575.43,1095.93,EUR
20250605,1,19,3,8,3,INV770206,2,29.08,138.6,716.03,3314.46,2238.4,1076.06,EUR
20251005,36,2,2,11,2,INV101142,2,36.14,57.69,61.35,2023.57,1541.1,482.47,EUR
20240215,15,3,3,9,3,INV899755,2,17.27,63.27,183.9,908.77,459.17,449.6,EUR
20240714,20,5,1,4,1,INV690894,4,33.58,99.52,355.97,2985.91,1905.26,1080.65,EUR
20250916,24,4,3,2,3,INV546023,3,49.68,140.48,1007.26,5971.79,3346.83,2624.96,EUR
20250527,34,25,2,14,3,INV435544,5,43.82,142.3,1005.15,5230.44,3049.01,2181.43,EUR
20250807,27,6,2,11,1,INV276491,4,2.53,132.14,48.31,286.0,175.32,110.68,EUR
20250929,18,6,4,7,2,INV406745,5,11.28,171.37,171.44,1761.61,1250.63,510.98,EUR
20250128,26,6,2,11,3,INV814480,1,19.2,196.53,399.7,3373.68,2591.18,782.5,EUR
20240402,30,18,2,5,1,INV500015,3,41.26,116.99,399.98,4427.03,2942.33,1484.7,EUR
20240124,27,30,2,4,1,INV582521,2,11.78,100.01,106.1,1072.02,697.64,374.38,EUR
20250816,2,5,2,4,2,INV812307,5,3.77,144.6,86.85,458.29,363.68,94.61,EUR
20241119,18,28,4,1,3,INV679012,3,40.69,197.04,931.52,7086.04,5038.03,2048.01,EUR
20240313,29,14,4,6,2,INV312362,5,26.72,197.88,929.02,4358.33,2891.29,1467.04,EUR
20251001,3,27,4,12,1,INV585248,5,4.25,120.81,32.9,480.54,327.13,153.41,EUR
20250725,38,10,3,9,3,INV899125,4,9.21,167.09,64.66,1474.24,853.69,620.55,EUR
20250608,29,14,2,9,1,INV263110,1,34.58,85.73,89.49,2875.05,1949.58,925.47,EUR
20251128,7,6,1,11,3,INV731900,1,31.97,73.41,41.41,2305.51,1760.37,545.14,EUR
20250713,7,5,4,14,3,INV922228,1,26.03,35.42,149.07,772.91,536.91,236.0,EUR
20250515,1,30,4,7,3,INV897363,5,2.8,32.5,8.28,82.72,44.63,38.09,EUR
20250507,10,19,2,7,3,INV736166,2,11.97,182.0,222.81,1955.73,1523.34,432.39,EUR
20250323,20,20,4,1,1,INV848524,3,3.17,103.26,30.13,297.2,203.36,93.84,EUR
20250615,15,7,3,6,3,INV567760,1,40.22,94.03,559.52,3222.37,2351.63,870.74,EUR
20251104,14,4,3,6,2,INV762831,1,34.39,155.85,471.63,4888.05,3771.23,1116.82,EUR
20250101,9,21,1,9,2,INV747880,5,34.1,150.44,530.01,4599.99,3281.05,1318.94,EUR
20241013,17,2,3,6,3,INV663499,2,6.13,24.51,1.92,148.33,113.67,34.66,EUR
20240222,7,25,2,4,3,INV931813,3,42.69,47.71,218.24,1818.5,1151.46,667.04,EUR
20241128,26,27,1,12,1,INV711088,4,44.04,95.56,375.74,3832.72,1977.8,1854.92,EUR
20240525,15,21,3,13,3,INV379979,3,21.89,65.47,118.09,1315.05,844.14,470.91,EUR
20241027,2,30,2,14,2,INV860877,4,47.74,164.74,104.43,7760.26,4387.49,3372.77,EUR
20240517,40,11,4,4,2,INV630612,2,43.56,77.46,637.65,2736.51,1668.77,1067.74,EUR
20251224,11,20,2,11,2,INV344864,1,25.94,192.73,773.93,4225.49,2376.89,1848.6,EUR
20240208,9,19,1,6,3,INV486178,3,32.48,199.23,293.48,6177.51,3413.17,2764.34,EUR
20240402,25,28,3,2,3,INV463813,3,27.34,120.78,526.42,2775.71,1407.81,1367.9,EUR
20250422,14,10,3,13,2,INV987681,4,35.74,83.87,435.93,2561.58,1546.2,1015.38,EUR
20251009,37,12,3,11,1,INV757574,4,14.12,187.06,490.8,2150.49,1149.38,1001.11,EUR
20240306,29,1,3,1,1,INV273628,1,26.17,27.87,82.35,647.01,337.44,309.57,EUR
20241020,7,8,3,14,2,INV800077,4,19.94,178.98,503.38,3065.48,1767.38,1298.1,EUR
20250729,14,23,4,13,2,INV401781,1,37.06,34.41,206.68,1068.55,809.78,258.77,EUR
20250702,26,10,2,4,1,INV951346,2,21.81,172.02,261.03,3490.73,2722.24,768.49,EUR
20240131,37,24,4,12,1,INV222237,5,44.64,88.97,359.37,3612.25,1939.54,1672.71,EUR
20250121,27,14,4,2,1,INV246328,3,37.58,183.9,384.09,6526.87,4852.03,1674.84,EUR
20240202,9,26,2,3,3,INV832900,2,14.16,121.79,13.66,1710.89,1317.2,393.69,EUR
20240801,29,14,2,7,2,INV475477,5,37.28,27.82,179.27,857.86,587.02,270.84,EUR
20241201,10,21,3,5,2,INV226141,3,15.39,127.19,82.72,1874.73,1374.29,500.44,EUR
20241224,5,15,3,14,2,INV478007,4,44.2,36.62,261.89,1356.71,1009.48,347.23,EUR
20240422,36,13,2,8,1,INV498049,2,4.26,121.07,77.41,438.35,315.84,122.51,EUR
20251020,25,29,3,6,3,INV894750,2,32.33,102.33,290.25,3018.08,2279.38,738.7,EUR
20240926,6,10,1,1,1,INV931324,5,16.85,194.83,487.8,2795.09,1678.05,1117.04,EUR
20240306,14,27,3,13,2,INV816540,3,43.88,85.87,106.02,3661.96,2417.02,1244.94,EUR
20250702,15,19,1,5,2,INV891704,2,47.88,22.56,199.86,880.31,513.04,367.27,EUR
20251213,6,12,4,5,3,INV969750,2,8.29,27.63,11.94,217.11,159.47,57.64,EUR
20250413,34,17,4,10,2,INV324034,1,7.57,140.76,61.7,1003.85,677.55,326.3,EUR
20241019,16,15,4,11,2,INV545567,1,26.18,19.84,54.88,464.53,284.38,180.15,EUR
20240222,4,4,4,4,1,INV427176,2,29.53,71.67,397.17,1719.25,988.66,730.59,EUR
20250319,31,18,4,3,3,INV208931,1,24.81,114.22,311.03,2522.77,1335.04,1187.73,EUR
20250921,26,21,3,7,2,INV235134,3,38.29,169.4,527.4,5958.93,3958.96,1999.97,EUR
20240103,10,28,4,14,3,INV788438,2,12.98,163.64,30.63,2093.42,1638.35,455.07,EUR
20240702,13,1,4,1,1,INV293657,2,3.66,192.2,60.74,642.71,385.99,256.72,EUR
20251024,22,30,1,11,2,INV971306,2,9.24,150.77,26.7,1366.41,1006.33,360.08,EUR
20240128,26,14,4,1,1,INV430340,1,13.55,150.32,230.73,1806.11,913.4,892.71,EUR
20250215,28,29,2,4,3,INV644532,2,7.31,172.05,69.9,1187.79,605.12,582.67,EUR
20241123,15,28,2,3,3,INV284655,1,19.25,36.57,3.88,700.09,551.86,148.23,EUR
20250920,3,28,1,2,1,INV368462,5,16.03,52.49,17.0,824.41,468.55,355.86,EUR
20240627,24,6,4,2,1,INV266014,2,36.91,58.29,358.18,1793.3,1118.15,675.15,EUR
20241017,22,5,2,5,1,INV624914,4,15.62,162.79,309.92,2232.86,1403.26,829.6,EUR
20240106,12,9,4,7,1,INV380622,2,37.53,148.64,650.83,4927.63,2990.99,1936.64,EUR
20250323,30,21,4,11,1,INV390170,5,27.96,128.77,127.7,3472.71,2227.98,1244.73,EUR
20240825,23,13,1,6,3,INV286188,4,49.11,86.81,694.12,3569.12,2387.09,1182.03,EUR
20240308,18,16,4,3,2,INV925789,2,43.74,107.07,580.34,4102.9,2564.18,1538.72,EUR
20241103,7,9,4,13,2,INV329822,2,20.81,120.5,186.0,2321.61,1361.77,959.84,EUR
20250328,18,30,4,7,3,INV433217,2,17.57,116.63,286.37,1762.82,1251.45,511.37,EUR
20250221,9,25,3,12,1,INV261581,3,10.92,183.05,301.83,1697.08,1046.21,650.87,EUR
20250829,10,10,1,6,2,INV185769,2,32.41,174.05,787.3,4853.66,3035.99,1817.67,EUR
20240720,36,30,2,6,2,INV322825,3,21.13,72.42,229.25,1300.98,746.64,554.34,EUR
20250814,2,14,1,7,3,INV664553,2,15.51,99.37,196.94,1344.29,920.53,423.76,EUR
20250713,5,14,1,6,1,INV806541,5,5.08,84.79,67.33,363.4,253.19,110.21,EUR
20251212,30,3,1,4,1,INV621250,2,24.23,82.11,187.62,1801.91,990.72,811.19,EUR
20240105,7,9,4,14,2,INV680796,1,28.24,36.59,151.26,882.04,592.87,289.17,EUR
20240430,9,4,3,7,1,INV720917,3,39.37,93.98,136.12,3563.87,2468.81,1095.06,EUR
20240527,38,27,2,7,3,INV410942,3,37.78,48.97,301.91,1548.18,1051.76,496.42,EUR
20250416,9,24,3,1,1,INV514619,5,13.85,170.83,37.82,2328.18,1630.5,697.68,EUR
20240704,27,23,4,12,2,INV694707,4,5.33,87.9,92.72,375.79,190.78,185.01,EUR
20251129,36,8,2,6,1,INV729231,1,2.61,191.63,10.75,489.4,296.07,193.33,EUR
20250807,2,4,4,13,3,INV358891,5,30.48,148.96,30.77,4509.53,3275.3,1234.23,EUR
20240718,15,8,3,5,1,INV599371,4,41.83,134.79,231.3,5406.97,3815.67,1591.3,EUR
20250630,7,10,1,14,3,INV671993,3,5.34,21.79,1.66,114.7,72.29,42.41,EUR
20250906,14,2,1,5,3,INV195568,1,20.62,195.31,465.83,3561.46,2539.72,1021.74,EUR
20251109,6,25,1,1,2,INV788030,2,44.79,17.34,82.27,694.39,520.26,174.13,EUR
20250303,27,30,1,7,3,INV134582,1,43.93,124.42,269.41,5196.36,2823.25,2373.11,EUR
20240724,17,17,3,5,3,INV373817,2,49.82,49.81,98.01,2383.52,1495.99,887.53,EUR
20251213,31,19,1,8,3,INV204531,2,46.12,82.61,60.84,3749.13,2759.96,989.17,EUR
20240411,6,26,4,2,1,INV241800,1,29.57,68.79,344.82,1689.3,852.87,836.43,EUR
20240518,20,29,4,11,1,INV269420,5,28.23,134.49,219.7,3576.95,1916.42,1660.53,EUR
20250630,30,28,3,6,1,INV608117,1,38.86,125.44,945.43,3929.17,2526.19,1402.98,EUR
20250606,24,16,4,5,2,INV296631,5,4.52,115.28,100.46,420.61,215.04,205.57,EUR
20251014,32,10,1,11,2,INV228046,5,49.94,42.17,270.16,1835.81,983.43,852.38,EUR
20241017,4,3,2,2,2,INV328374,3,3.52,123.39,37.64,396.69,277.11,119.58,EUR
20250201,5,14,3,14,2,INV453511,2,49.92,43.35,283.92,1880.11,1357.21,522.9,EUR
20240317,1,5,3,5,2,INV855670,1,46.78,98.64,500.94,4113.44,2926.45,1186.99,EUR
20241009,34,17,3,7,2,INV733873,3,25.83,196.58,607.17,4470.49,3551.13,919.36,EUR
20240201,24,4,3,7,2,INV464766,4,11.2,79.17,89.53,797.17,610.6,186.57,EUR
20240707,29,21,1,8,1,INV508647,4,7.53,134.15,81.84,928.31,471.37,456.94,EUR
20250126,1,16,1,11,1,INV187035,3,43.09,134.24,317.51,5466.89,4109.19,1357.7,EUR
20240106,25,17,4,14,1,INV373339,1,39.59,107.27,660.83,3585.99,1903.38,1682.61,EUR
20240106,1,21,4,7,3,INV728626,1,33.94,197.77,1079.62,5632.69,2985.82,2646.87,EUR
20240518,35,5,1,8,2,INV276685,2,25.57,31.15,55.94,740.57,546.41,194.16,EUR
20240614,9,8,2,9,1,INV289772,2,28.25,63.94,193.65,1612.65,1034.21,578.44,EUR
20240608,34,7,3,10,3,INV724422,3,2.57,61.85,1.24,157.71,114.4,43.31,EUR
20241001,29,20,1,4,2,INV919729,1,35.52,187.84,463.08,6209.0,3159.82,3049.18,EUR
20241117,13,11,4,3,1,INV903359,5,30.01,185.47,8.52,5557.43,4328.37,1229.06,EUR
20241023,8,21,3,8,3,INV142923,5,38.2,109.6,24.46,4162.26,3238.2,924.06,EUR
20240118,5,1,3,2,3,INV401673,3,12.89,24.67,21.17,296.83,216.01,80.82,EUR
20250606,7,30,3,5,2,INV682662,4,40.19,64.69,459.55,2140.34,1152.93,987.41,EUR
20240207,12,3,2,1,2,INV332797,3,25.39,183.42,598.41,4058.62,3208.02,850.6,EUR
20251120,15,15,1,11,1,INV202075,2,41.37,127.91,957.68,4333.96,2745.09,1588.87,EUR
20240902,26,20,1,6,2,INV679390,3,47.93,183.84,1382.07,7429.38,5034.94,2394.44,EUR
20241109,2,18,3,3,3,INV872350,1,41.87,124.52,448.3,4765.35,3294.24,1471.11,EUR
20251207,20,12,2,9,3,INV939912,5,22.03,81.68,261.95,1537.46,947.92,589.54,EUR
20250306,30,8,2,8,2,INV489288,4,44.79,25.77,73.49,1080.75,684.38,396.37,EUR
20240405,15,14,1,5,3,INV678643,1,7.86,51.79,1.67,405.4,236.8,168.6,EUR
20250505,26,20,2,11,3,INV990114,4,15.49,67.25,161.23,880.47,572.01,308.46,EUR
20240703,21,26,1,9,2,INV808116,2,12.78,36.76,23.54,446.25,251.59,194.66,EUR
20250608,1,25,1,5,1,INV576440,2,16.08,146.83,161.5,2199.53,1721.55,477.98,EUR
20250211,39,4,3,9,2,INV430642,4,14.81,191.77,527.22,2312.89,1423.01,889.88,EUR
20250525,37,26,4,1,1,INV391032,2,19.08,21.67,82.42,331.04,186.66,144.38,EUR
20251103,10,20,3,11,3,INV405257,3,9.88,52.23,8.52,507.51,351.2,156.31,EUR
20240522,34,13,2,1,2,INV121239,2,30.65,84.54,468.91,2122.24,1500.52,621.72,EUR
20250906,6,15,2,2,2,INV409844,2,30.41,167.55,26.95,5068.25,2666.43,2401.82,EUR
20250420,35,30,2,2,2,INV817747,2,29.93,180.97,414.3,5002.13,2816.07,2186.06,EUR
20240106,26,8,2,14,2,INV888030,1,48.59,33.01,73.98,1529.98,837.0,692.98,EUR
20240216,20,18,3,1,1,INV258569,1,21.48,137.57,28.81,2926.19,1969.14,957.05,EUR
20251020,16,7,3,10,1,INV613182,5,24.87,124.7,1.28,3100.01,2150.91,949.1,EUR
20240707,38,21,3,7,1,INV495085,2,10.03,74.7,107.22,642.02,451.41,190.61,EUR
20251217,32,3,3,6,3,INV424119,1,36.63,120.08,546.87,3851.66,2964.07,887.59,EUR
20240820,1,10,3,12,1,INV243357,2,5.06,83.16,52.81,367.98,235.38,132.6,EUR
20250701,5,10,3,7,2,INV562518,3,42.06,94.35,620.95,3347.41,1792.47,1554.94,EUR
20241029,23,7,1,2,3,INV573285,4,21.97,89.94,169.15,1806.83,935.08,871.75,EUR
20240630,31,21,4,2,1,INV127790,5,8.85,26.44,32.77,201.22,120.0,81.22,EUR
20250714,4,14,1,13,3,INV755305,1,8.64,56.72,66.18,423.88,261.63,162.25,EUR
20251003,36,22,4,1,2,INV759763,4,32.0,48.85,76.93,1486.27,810.54,675.73,EUR
20251201,32,4,3,10,1,INV175090,2,19.55,130.79,368.44,2188.5,1519.12,669.38,EUR
20250111,27,8,4,2,1,INV399962,2,30.71,46.59,11.46,1419.32,1109.47,309.85,EUR
20240907,30,27,3,13,1,INV697476,5,28.67,142.41,713.45,3369.44,2395.37,974.07,EUR
20240315,14,5,3,7,2,INV728556,5,42.72,82.2,146.57,3365.01,2662.63,702.38,EUR
20250702,17,4,4,11,3,INV311503,4,21.22,118.32,443.09,2067.66,1245.24,822.42,EUR
20240803,34,5,1,2,1,INV916781,3,33.7,15.76,41.2,489.91,296.85,193.06,EUR
20251218,28,13,3,3,2,INV566738,2,43.7,80.07,563.69,2935.37,1897.29,1038.08,EUR
20241013,21,12,2,13,1,INV612763,3,33.96,69.66,355.5,2010.15,1375.1,635.05,EUR
20250224,17,17,4,9,2,INV717276,4,8.83,62.95,89.18,466.67,273.65,193.02,EUR
20250111,8,1,3,7,3,INV244797,3,1.28,88.52,2.94,110.37,73.97,36.4,EUR
20241130,25,18,3,14,1,INV249940,1,43.45,155.52,1014.54,5742.8,4380.29,1362.51,EUR
20251229,32,6,2,12,2,INV836261,1,31.08,121.02,162.12,3599.18,2539.02,1060.16,EUR
20241002,9,3,2,10,1,INV415791,4,43.57,134.78,1058.24,4814.12,2675.75,2138.37,EUR
20240719,19,29,4,8,3,INV998661,1,15.06,75.53,112.1,1025.38,687.18,338.2,EUR
20240520,24,4,3,12,3,INV154462,4,2.19,53.73,14.38,103.29,55.8,47.49,EUR
20241026,29,18,2,13,1,INV302446,4,32.61,177.36,802.1,4981.61,3875.39,1106.22,EUR
20251216,18,11,1,12,2,INV611954,4,38.53,94.6,288.26,3356.68,2088.19,1268.49,EUR
20240812,9,28,4,4,1,INV218304,1,49.43,177.82,1451.07,7338.57,3728.87,3609.7,EUR
20240220,34,10,3,3,2,INV956798,3,38.89,175.24,277.43,6537.65,5216.1,1321.55,EUR
20240805,28,28,4,11,3,INV499534,1,47.4,106.81,950.29,4112.5,2909.19,1203.31,EUR
20250911,26,16,1,12,1,INV499707,1,42.74,131.62,284.87,5340.57,4140.04,1200.53,EUR
20250321,39,5,1,9,2,INV539674,3,28.84,168.45,110.5,4747.6,2641.28,2106.32,EUR
20240924,40,12,1,10,1,INV492377,1,41.42,194.13,1406.54,6634.32,3471.3,3163.02,EUR
20241205,19,13,1,8,2,INV925316,5,36.05,179.97,833.41,5654.51,3744.8,1909.71,EUR
20240219,14,17,1,5,2,INV769051,1,4.0,21.67,4.2,82.48,49.87,32.61,EUR
20250129,33,11,1,11,1,INV974132,3,10.36,130.52,27.86,1324.33,866.79,457.54,EUR
20240810,31,10,4,6,2,INV630250,1,10.66,128.65,3.3,1368.11,1062.55,305.56,EUR
20250612,21,13,3,8,1,INV610717,4,27.9,16.86,90.51,379.88,259.25,120.63,EUR
20240607,30,26,1,7,3,INV652720,5,32.65,48.8,223.62,1369.7,863.98,505.72,EUR
20240419,24,17,4,7,3,INV542913,1,5.17,118.54,101.32,511.53,314.91,196.62,EUR
20241230,38,24,2,11,1,INV267595,4,4.22,175.26,106.42,633.18,480.87,152.31,EUR
20241206,35,7,3,4,2,INV473856,5,4.28,76.08,21.31,304.31,216.57,87.74,EUR
20250712,24,8,3,4,1,INV706603,5,38.75,106.74,233.52,3902.66,2405.48,1497.18,EUR
20251106,10,4,4,13,3,INV605390,3,28.42,22.64,42.5,600.93,447.28,153.65,EUR
20250311,28,18,4,10,1,INV104509,2,1.32,159.85,14.39,196.61,107.6,89.01,EUR
20250418,12,16,4,7,3,INV687386,2,13.5,23.23,23.27,290.34,209.51,80.83,EUR
20240303,11,11,2,14,3,INV488619,3,21.9,193.97,3.75,4244.19,2815.22,1428.97,EUR
20240714,1,18,4,3,3,INV983289,1,32.31,155.45,224.77,4797.82,3643.99,1153.83,EUR
20240619,31,26,4,8,2,INV883176,1,6.92,154.39,62.5,1005.88,599.21,406.67,EUR
20251210,31,21,4,4,1,INV918133,5,4.01,94.09,6.26,371.04,193.67,177.37,EUR
20240524,18,5,2,5,3,INV404367,4,11.61,138.78,16.7,1594.54,1150.71,443.83,EUR
20250510,29,16,1,13,3,INV974741,4,46.8,138.79,756.79,5738.58,3686.58,2052.0,EUR
20250120,24,23,4,6,2,INV522194,4,20.93,17.73,45.23,325.86,229.53,96.33,EUR
20250620,16,7,3,13,2,INV116858,1,31.13,79.66,80.09,2399.73,1793.16,606.57,EUR
20241015,9,22,4,11,3,INV482236,2,39.24,128.59,965.97,4079.9,2263.08,1816.82,EUR
20240331,38,3,3,4,3,INV837589,1,23.47,78.75,105.17,1743.09,1222.83,520.26,EUR
20250307,4,25,1,6,2,INV926897,5,6.6,182.5,79.2,1125.3,814.23,311.07,EUR
20240408,3,3,4,12,1,INV539415,1,2.51,16.21,3.27,37.42,25.0,12.42,EUR
20240801,17,28,4,6,3,INV577851,5,46.01,48.63,142.59,2094.88,1366.45,728.43,EUR
20251231,14,12,4,2,3,INV295969,1,14.9,86.55,147.05,1142.55,851.73,290.82,EUR
20250128,16,29,4,11,2,INV994502,3,34.26,55.61,59.35,1845.85,1408.34,437.51,EUR
20240403,32,23,2,14,3,INV527471,4,18.88,157.95,84.68,2897.42,1790.18,1107.24,EUR
20241207,17,28,2,12,2,INV802347,2,15.21,17.49,1.83,264.19,201.89,62.3,EUR
20251122,10,1,4,11,1,INV190555,3,33.66,81.63,9.6,2738.07,1439.69,1298.38,EUR
20240125,36,25,3,5,1,INV963923,2,25.28,31.76,153.25,649.64,364.37,285.27,EUR
20240228,13,8,3,7,3,INV327614,4,30.32,154.9,842.34,3854.23,2865.8,988.43,EUR
20240401,4,2,1,10,1,INV651890,5,29.84,22.53,59.61,612.69,327.29,285.4,EUR
20240104,20,28,1,3,3,INV774965,2,17.46,190.85,42.97,3289.27,2181.2,1108.07,EUR
20250906,12,20,1,10,3,INV341293,1,46.25,144.19,844.74,5824.05,3640.89,2183.16,EUR
20240331,16,25,4,7,1,INV659718,1,26.08,164.05,120.08,4158.34,2250.21,1908.13,EUR
20251012,28,17,1,6,3,INV417823,4,44.81,196.46,1354.14,7449.23,5617.03,1832.2,EUR
20241221,15,3,1,1,2,INV813955,5,47.4,138.13,971.21,5576.15,2802.07,2774.08,EUR
20250919,28,16,2,10,2,INV748789,5,15.22,36.51,61.98,493.7,393.1,100.6,EUR
20241111,9,22,4,10,1,INV597413,4,36.94,77.64,16.51,2851.51,2048.93,802.58,EUR
20250219,32,14,4,12,1,INV633816,4,24.46,175.25,107.39,4179.22,2755.07,1424.15,EUR
20240809,27,30,2,7,3,INV651513,3,2.2,148.45,25.9,300.69,220.34,80.35,EUR
20251017,11,15,4,3,3,INV266634,2,21.83,92.65,208.21,1814.34,1283.35,530.99,EUR
20240112,37,23,2,8,3,INV516370,1,47.53,198.01,611.49,8799.93,4894.33,3905.6,EUR
20251018,39,22,1,8,2,INV708992,5,12.85,70.42,96.91,807.99,436.86,371.13,EUR
20241215,40,16,4,8,1,INV554908,3,48.75,168.83,625.81,7604.65,3859.22,3745.43,EUR
20240711,36,12,1,6,1,INV175958,3,7.12,93.76,119.09,548.48,402.7,145.78,EUR
20241203,31,18,2,10,1,INV962941,2,29.92,190.31,401.41,5292.67,3275.87,2016.8,EUR
20240405,35,18,4,2,3,INV219695,3,26.75,17.48,81.64,385.95,234.78,151.17,EUR
20240214,1,23,2,5,2,INV723237,2,26.62,94.97,422.33,2105.77,1363.24,742.53,EUR
20251016,30,2,2,11,1,INV911536,2,29.89,13.42,8.16,392.96,299.89,93.07,EUR
20241214,1,3,4,14,3,INV137883,4,14.49,118.61,333.09,1385.57,859.68,525.89,EUR
20251020,39,12,2,3,1,INV338091,2,21.0,50.06,25.03,1026.23,685.77,340.46,EUR
20250128,11,29,1,1,2,INV769975,2,1.97,35.86,3.7,66.94,36.94,30.0,EUR
20250129,28,5,3,12,3,INV573151,3,12.72,189.59,354.4,2057.18,1206.5,850.68,EUR
20240126,21,16,1,13,3,INV899686,3,15.95,189.75,581.71,2444.8,1491.92,952.88,EUR
20250221,32,9,1,12,2,INV669114,4,39.66,78.76,189.87,2933.75,2293.97,639.78,EUR
20240812,17,11,1,5,2,INV787149,4,44.92,195.28,1162.57,7609.41,4760.83,2848.58,EUR
20250610,13,22,3,9,1,INV924756,3,28.52,172.67,651.37,4273.18,3324.74,948.44,EUR
20251101,36,14,2,14,2,INV972546,4,11.58,195.94,376.59,1892.4,1240.04,652.36,EUR
20240903,10,1,4,8,2,INV650004,4,1.22,106.5,15.82,114.11,65.4,48.71,EUR
20251028,27,25,2,11,3,INV364054,3,12.95,195.33,217.85,2311.67,1569.9,741.77,EUR
20241211,35,2,3,1,3,INV928842,3,16.64,21.32,70.56,284.2,144.82,139.38,EUR
20240628,35,9,4,8,1,INV868413,1,3.51,47.44,5.74,160.77,127.93,32.84,EUR
20250909,13,19,1,12,2,INV568542,2,45.82,103.1,134.05,4589.99,3633.59,956.4,EUR
20241118,18,21,3,11,3,INV818930,1,12.84,185.82,30.27,2355.66,1275.15,1080.51,EUR
20250726,23,4,3,1,3,INV239099,1,15.69,75.26,155.38,1025.45,807.88,217.57,EUR
20240406,20,7,3,4,1,INV246034,4,30.23,156.64,650.3,4084.93,2881.36,1203.57,EUR
20240817,32,20,3,4,1,INV936225,1,6.47,55.41,25.28,333.22,169.53,163.69,EUR
20240619,26,12,2,8,2,INV256224,5,22.27,138.37,558.44,2523.06,1871.7,651.36,EUR
20241218,8,23,1,9,2,INV619999,2,26.9,115.26,419.74,2680.75,1620.7,1060.05,EUR
20241216,6,9,4,1,3,INV963813,1,29.65,71.59,33.28,2089.36,1461.86,627.5,EUR
20241107,23,27,3,6,3,INV330602,4,35.23,185.52,546.24,5989.63,3846.37,2143.26,EUR
20250710,7,14,4,4,1,INV563745,3,19.88,199.56,111.4,3855.85,2028.41,1827.44,EUR
20241121,31,12,4,12,3,INV899535,2,38.29,58.89,45.78,2209.12,1603.77,605.35,EUR
20240130,33,9,1,9,3,INV563549,4,8.83,121.94,200.9,875.83,549.29,326.54,EUR
20240827,6,20,4,4,1,INV928479,2,46.22,123.57,1084.96,4626.45,2918.12,1708.33,EUR
20250520,4,10,3,1,3,INV445956,5,41.25,112.57,852.26,3791.25,2037.85,1753.4,EUR
20251124,27,15,2,11,1,INV281658,2,14.74,53.54,122.39,666.79,517.38,149.41,EUR
20250627,3,10,3,14,1,INV789512,3,32.86,20.87,50.65,635.14,473.04,162.1,EUR
20250214,20,12,1,14,3,INV251784,5,9.61,147.25,30.3,1384.77,798.47,586.3,EUR
20250427,24,25,3,8,2,INV589221,2,30.71,22.15,97.73,582.5,342.42,240.08,EUR
20240125,19,21,3,4,1,INV646661,2,32.7,57.26,330.64,1541.76,943.18,598.58,EUR
20240327,3,22,2,11,3,INV607310,4,6.82,132.08,57.78,843.01,524.69,318.32,EUR
20251130,38,4,4,10,1,INV508763,3,40.64,182.84,317.48,7113.14,3901.68,3211.46,EUR
20240424,28,5,1,12,1,INV866670,5,24.97,165.82,128.87,4011.66,2123.71,1887.95,EUR
20250717,16,13,1,13,2,INV564155,2,34.29,92.68,307.66,2870.34,2100.7,769.64,EUR
20250102,9,19,4,8,1,INV563544,3,17.97,123.02,273.57,1937.1,1392.19,544.91,EUR
20250117,13,2,3,5,2,INV153601,1,40.63,43.74,46.54,1730.62,1200.81,529.81,EUR
20250617,16,18,4,9,3,INV135877,2,37.49,68.84,178.71,2402.1,1240.89,1161.21,EUR
20250831,21,17,4,8,2,INV149525,2,32.78,19.03,1.06,622.74,457.25,165.49,EUR
20240729,18,14,4,11,2,INV412053,1,27.29,147.48,193.26,3831.47,2403.06,1428.41,EUR
20250601,7,2,1,4,3,INV797335,2,22.87,23.62,94.14,446.05,264.99,181.06,EUR
20240906,16,9,4,1,1,INV671989,3,8.82,10.56,4.38,88.76,61.89,26.87,EUR
20240622,24,26,2,3,1,INV908397,5,37.27,140.18,80.25,5144.26,3733.08,1411.18,EUR
20250131,34,4,4,4,2,INV981953,1,12.64,117.41,198.14,1285.92,676.12,609.8,EUR
20251219,31,8,4,10,1,INV588486,5,30.03,68.19,199.08,1848.67,1191.73,656.94,EUR
20240217,3,1,3,3,1,INV369462,1,39.25,193.64,1388.32,6212.05,3957.23,2254.82,EUR
20250320,16,9,3,14,1,INV933047,5,42.06,70.92,107.57,2875.33,1833.41,1041.92,EUR
20250625,24,3,1,13,3,INV890075,1,31.49,161.72,309.56,4783.0,2763.92,2019.08,EUR
20250107,27,20,4,3,3,INV514636,3,17.58,166.31,350.87,2572.86,1636.48,936.38,EUR
20250525,6,8,4,8,3,INV817598,1,34.72,138.39,480.95,4323.95,3134.97,1188.98,EUR
20250311,16,19,3,7,1,INV241004,4,38.48,82.52,493.05,2682.32,1778.84,903.48,EUR
20240126,24,12,4,4,2,INV203227,2,27.68,171.89,454.69,4303.23,2521.47,1781.76,EUR
20240217,11,24,2,4,3,INV787107,3,33.69,192.67,391.96,6099.09,4490.38,1608.71,EUR
20250125,12,16,4,4,3,INV329021,1,15.55,139.2,31.0,2133.56,1359.34,774.22,EUR
20240409,20,6,1,6,1,INV409876,5,12.11,124.18,297.86,1205.96,869.66,336.3,EUR
20240731,27,9,4,1,2,INV507160,3,19.48,195.62,295.33,3515.35,2296.07,1219.28,EUR
20250509,2,7,4,9,3,INV917270,2,1.15,62.88,3.18,69.13,48.73,20.4,EUR
20251018,15,13,2,12,1,INV902693,3,29.26,44.41,247.44,1052.0,772.0,280.0,EUR
20251224,39,4,2,8,1,INV501921,3,30.32,63.23,16.75,1900.38,1100.83,799.55,EUR
20250121,10,19,1,2,3,INV573602,2,7.29,39.81,27.85,262.36,172.0,90.36,EUR
20240121,6,18,1,8,3,INV711727,4,32.95,171.12,541.8,5096.6,3583.64,1512.96,EUR
20250622,40,24,3,14,3,INV600238,3,29.5,95.27,337.41,2473.05,1470.77,1002.28,EUR
20240518,7,16,1,2,2,INV672821,4,39.74,197.69,559.28,7296.92,5263.49,2033.43,EUR
20250720,40,18,1,1,2,INV180708,4,11.35,162.15,314.4,1526.0,1159.11,366.89,EUR
20241116,27,28,2,2,2,INV309837,1,9.24,97.59,172.25,729.48,546.99,182.49,EUR
20250404,12,24,4,2,2,INV725667,3,30.83,51.4,289.63,1295.03,844.53,450.5,EUR
20240331,37,27,2,9,3,INV845041,5,32.77,178.54,62.66,5788.1,3815.05,1973.05,EUR
20240619,4,4,2,11,1,INV623859,1,21.87,103.81,85.6,2184.72,1540.18,644.54,EUR
20240624,8,13,2,13,3,INV303916,4,46.13,162.44,362.79,7130.57,4571.14,2559.43,EUR
20250623,22,9,1,13,1,INV425553,5,41.9,56.11,316.24,2034.77,1384.48,650.29,EUR
20241029,24,17,3,9,1,INV458347,4,45.29,165.86,352.18,7159.62,4863.61,2296.01,EUR
20250823,36,25,1,3,2,INV991930,3,49.96,51.39,324.59,2242.85,1219.33,1023.52,EUR
20241125,22,4,4,13,2,INV173127,5,35.33,45.01,177.36,1412.84,1078.63,334.21,EUR
20251006,17,27,4,14,2,INV288223,1,41.13,198.38,1153.19,7006.18,4356.06,2650.12,EUR
20240208,8,23,4,4,3,INV727293,3,18.54,28.56,22.02,507.48,371.36,136.12,EUR
20240914,21,8,1,6,2,INV328199,1,30.55,11.65,54.94,300.97,192.95,108.02,EUR
20250213,34,22,3,13,3,INV148382,5,22.0,135.7,216.36,2769.04,2039.34,729.7,EUR
20250705,30,5,3,12,1,INV689722,5,30.66,43.41,28.65,1302.3,840.03,462.27,EUR
20240711,22,21,1,7,2,INV632909,1,4.26,49.18,40.35,169.16,108.46,60.7,EUR
20250315,29,1,4,12,1,INV226902,4,33.19,144.26,933.29,3854.7,2744.18,1110.52,EUR
20240703,20,5,2,11,1,INV870677,3,5.61,127.18,125.51,587.97,442.06,145.91,EUR
20240823,4,14,2,3,3,INV346088,4,16.32,181.34,55.72,2903.75,1926.01,977.74,EUR
20251026,20,10,3,3,2,INV897734,5,43.76,61.44,359.95,2328.66,1631.1,697.56,EUR
20240610,18,8,3,1,3,INV730113,3,22.52,76.7,308.99,1418.29,747.81,670.48,EUR
20251115,33,14,1,6,2,INV387272,1,31.02,119.43,76.35,3628.37,2352.99,1275.38,EUR
20240716,40,18,1,4,2,INV140822,3,16.24,130.89,127.57,1998.08,1193.73,804.35,EUR
20240405,40,2,2,7,1,INV799816,1,2.33,47.93,8.56,103.12,70.63,32.49,EUR
20240704,37,19,2,1,3,INV282976,2,24.53,145.11,308.1,3251.45,2273.38,978.07,EUR
20250309,39,6,2,10,2,INV345081,2,27.33,27.72,37.89,719.7,540.08,179.62,EUR
20251002,35,26,2,10,3,INV117031,5,39.86,158.85,386.93,5944.83,3472.57,2472.26,EUR
20251008,10,10,1,7,2,INV806056,2,26.11,45.69,97.85,1095.12,613.78,481.34,EUR
20241103,34,18,2,4,2,INV318824,4,19.18,188.42,533.11,3080.79,1892.76,1188.03,EUR
20250918,17,24,1,9,2,INV913743,3,40.78,43.39,88.15,1681.29,1124.12,557.17,EUR
20250127,40,5,3,6,1,INV571614,3,11.01,166.03,7.94,1820.05,1380.67,439.38,EUR
20240616,36,21,3,10,2,INV602901,1,13.19,91.11,217.35,984.39,750.19,234.2,EUR
20250308,19,11,2,6,3,INV200795,4,20.84,18.51,35.33,350.42,259.58,90.84,EUR
20250619,13,1,1,13,3,INV936941,5,17.67,35.91,64.55,569.98,362.85,207.13,EUR
20241008,19,24,4,11,2,INV641426,4,22.06,121.92,328.82,2360.74,1363.24,997.5,EUR
20240117,27,23,1,8,3,INV994804,1,43.74,174.64,661.87,6976.88,3596.21,3380.67,EUR
20240924,40,15,1,2,1,INV895572,2,40.12,59.53,454.45,1933.89,1382.24,551.65,EUR
20250403,7,11,4,8,2,INV539176,4,36.67,10.01,24.87,342.2,226.83,115.37,EUR
20250601,28,1,1,7,2,INV794352,3,13.78,178.5,336.04,2123.69,1192.08,931.61,EUR
20251211,14,12,4,10,3,INV443582,1,44.26,198.52,488.95,8297.55,6039.29,2258.26,EUR
20240118,22,26,4,7,3,INV704623,2,24.74,69.06,46.37,1662.17,1186.09,476.08,EUR
20240927,12,26,4,2,2,INV971826,5,29.8,180.91,864.24,4526.88,2432.34,2094.54,EUR
20240204,9,11,1,14,3,INV352410,5,16.86,144.09,238.32,2191.04,1584.93,606.11,EUR
20250120,20,17,1,11,2,INV897537,2,26.35,64.63,83.27,1619.73,1173.65,446.08,EUR
20250726,4,22,4,4,2,INV637027,3,11.82,146.82,29.36,1706.05,1247.01,459.04,EUR
20240524,29,18,4,10,2,INV188142,5,32.78,10.29,19.83,317.48,246.43,71.05,EUR
20250112,10,30,4,8,2,INV649643,4,38.19,19.27,31.83,704.09,421.23,282.86,EUR
20240530,4,7,4,4,2,INV418813,3,11.35,123.08,112.59,1284.37,943.07,341.3,EUR
20250121,16,8,1,9,1,INV807018,2,10.61,80.45,116.02,737.55,388.42,349.13,EUR
20240218,29,29,2,14,1,INV568189,3,14.72,77.89,105.84,1040.7,653.98,386.72,EUR
20251122,27,29,2,7,1,INV511475,4,27.37,142.36,397.0,3499.39,2696.35,803.04,EUR
20250721,39,16,4,5,2,INV910951,3,31.05,139.99,565.12,3781.57,2958.26,823.31,EUR
20250529,22,5,3,14,1,INV567796,4,39.57,176.85,1216.54,5781.41,4559.75,1221.66,EUR
20240902,31,13,4,7,3,INV598408,3,2.23,175.7,1.77,390.04,296.42,93.62,EUR
20250307,30,12,1,5,3,INV566775,3,10.79,26.77,18.32,270.53,173.51,97.02,EUR
20240731,14,2,1,13,1,INV774601,1,28.98,62.78,12.19,1807.17,1125.35,681.82,EUR
20250211,23,24,2,4,3,INV404616,3,17.83,109.81,375.37,1582.54,949.62,632.92,EUR
20251103,28,12,2,6,1,INV310013,2,47.13,91.67,27.56,4292.85,3026.72,1266.13,EUR
20251118,1,28,1,5,2,INV130307,5,37.11,23.33,127.38,738.4,549.72,188.68,EUR
20250821,24,27,4,2,1,INV729152,5,25.59,122.4,250.01,2882.21,1712.92,1169.29,EUR
20240323,6,18,1,11,2,INV626786,2,37.69,95.09,666.0,2917.94,1810.69,1107.25,EUR
20240319,20,24,3,8,2,INV545697,1,26.03,155.18,329.9,3709.44,2396.51,1312.93,EUR
20240101,18,24,4,12,3,INV531603,4,33.89,173.11,978.44,4888.26,3247.11,1641.15,EUR
20240530,40,1,3,12,1,INV486777,4,17.81,124.08,165.71,2044.15,1345.1,699.05,EUR
20250925,5,9,2,12,1,INV825253,2,1.18,44.29,7.36,44.9,29.14,15.76,EUR
20241019,2,11,3,14,2,INV813460,2,31.53,90.24,520.47,2324.8,1209.19,1115.61,EUR
20240226,23,3,2,2,3,INV507423,4,2.58,102.07,23.76,239.58,137.3,102.28,EUR
20250719,38,27,1,5,2,INV868849,5,17.64,59.62,62.94,988.76,584.09,404.67,EUR
20240511,1,7,3,10,2,INV395725,1,1.82,180.47,57.4,271.06,149.07,121.99,EUR
20240819,33,16,2,14,2,INV186074,5,45.87,139.57,966.43,5435.65,3380.36,2055.29,EUR
20241113,32,16,3,2,1,INV194552,2,46.01,24.51,152.09,975.62,490.35,485.27,EUR
20241229,33,12,2,5,2,INV909968,3,27.19,24.92,28.46,649.11,445.68,203.43,EUR
20250623,35,12,2,12,1,INV612711,5,30.51,75.31,286.12,2011.59,1379.88,631.71,EUR
20250814,34,10,1,3,3,INV493329,3,18.69,108.58,360.05,1669.31,1268.02,401.29,EUR
20250120,30,12,2,4,3,INV315518,1,29.79,69.1,313.8,1744.69,1171.7,572.99,EUR
20250714,3,24,1,4,3,INV168189,3,43.44,45.92,50.72,1944.04,1325.85,618.19,EUR
20240626,20,30,2,2,3,INV737813,3,29.14,151.47,213.77,4200.07,3061.59,1138.48,EUR
20240223,38,24,1,3,1,INV640027,3,8.58,181.87,92.13,1468.31,1170.31,298.0,EUR
20241029,26,3,2,4,1,INV448483,3,18.76,171.31,612.08,2601.7,1551.18,1050.52,EUR
20240209,13,2,3,5,1,INV571628,4,27.11,137.63,74.48,3656.67,1880.39,1776.28,EUR
20250221,24,20,3,11,2,INV435299,4,20.93,169.49,306.61,3240.82,2348.93,891.89,EUR
20241108,21,29,3,2,3,INV878025,2,30.28,28.67,70.6,797.53,545.64,251.89,EUR
20250904,18,11,2,1,2,INV421688,1,46.81,184.3,1386.7,7240.38,3669.95,3570.43,EUR
20240417,25,21,4,12,3,INV197814,1,3.88,153.21,99.89,494.56,351.48,143.08,EUR
20250623,9,6,3,3,3,INV229496,4,27.24,89.31,244.96,2187.84,1176.58,1011.26,EUR
20251204,6,21,4,6,3,INV521641,2,32.87,82.4,334.92,2373.57,1741.56,632.01,EUR
20240529,2,17,2,11,2,INV620690,5,40.18,144.6,866.57,4943.46,2488.22,2455.24,EUR
20250805,15,5,3,8,1,INV896984,2,28.01,96.61,380.72,2325.33,1272.82,1052.51,EUR
20240201,3,21,4,14,2,INV686003,3,31.17,149.65,237.04,4427.55,2467.97,1959.58,EUR
20250419,8,5,3,2,2,INV450934,2,45.15,164.17,490.96,6921.32,5528.44,1392.88,EUR
20251019,2,23,2,11,3,INV518836,1,40.49,18.34,82.04,660.55,364.66,295.89,EUR
20240705,17,1,4,13,2,INV988351,3,44.43,60.06,509.47,2159.0,1338.02,820.98,EUR
20250913,22,2,1,5,1,INV765388,5,48.63,121.04,389.06,5497.12,3395.26,2101.86,EUR
20251205,17,7,1,2,2,INV445221,3,22.14,35.56,81.06,706.24,457.39,248.85,EUR
20250604,33,15,4,6,2,INV831126,5,31.55,55.15,71.69,1668.29,1163.97,504.32,EUR
20240223,27,21,2,3,3,INV124148,1,49.62,161.88,1394.66,6637.83,4426.13,2211.7,EUR
20240110,18,16,3,11,2,INV183510,5,31.15,50.72,5.27,1574.66,942.88,631.78,EUR
20240919,34,19,3,12,1,INV687327,2,47.59,118.21,346.58,5279.03,3572.51,1706.52,EUR
20240504,17,15,1,6,1,INV422568,4,7.28,55.48,28.95,374.94,197.93,177.01,EUR
20250222,31,7,1,14,3,INV447478,2,7.18,148.73,105.38,962.5,714.51,247.99,EUR
20240918,33,25,4,14,3,INV654403,4,41.9,73.03,421.52,2638.44,1437.36,1201.08,EUR
20240619,24,25,2,14,1,INV651065,2,36.13,181.2,995.29,5551.47,2960.24,2591.23,EUR
20240811,10,8,3,4,1,INV558007,5,26.2,91.15,347.47,2040.66,1437.55,603.11,EUR
20250308,32,30,4,11,2,INV626785,1,30.93,85.85,172.04,2483.3,1652.63,830.67,EUR
20250506,18,24,3,10,2,INV971315,5,24.27,37.85,42.45,876.17,605.31,270.86,EUR
20240324,31,11,3,11,3,INV445771,5,31.8,185.52,825.96,5073.58,3280.39,1793.19,EUR
20250704,30,9,1,11,1,INV840036,3,48.57,83.3,718.0,3327.88,2590.97,736.91,EUR
20250314,29,11,1,14,3,INV783581,1,39.71,127.58,430.02,4636.18,2783.53,1852.65,EUR
20241001,40,14,3,13,2,INV175436,3,39.15,92.81,644.38,2989.13,2042.81,946.32,EUR
20250327,34,20,4,4,3,INV108321,1,28.72,49.24,208.28,1205.89,898.93,306.96,EUR
20240303,8,13,2,14,1,INV190032,3,29.2,133.92,121.41,3789.05,2942.54,846.51,EUR
20240528,9,17,3,13,3,INV930346,2,15.96,135.94,72.64,2096.96,1288.52,808.44,EUR
20250720,4,19,3,7,3,INV827877,1,47.79,162.85,1360.78,6421.82,5081.26,1340.56,EUR
20241008,1,26,2,4,2,INV680437,1,4.53,172.32,135.9,644.71,407.19,237.52,EUR
20240904,24,26,4,7,3,INV609576,1,46.5,72.0,182.51,3165.49,2419.15,746.34,EUR
20241219,16,19,2,7,1,INV744931,4,24.74,60.79,224.91,1279.03,1019.6,259.43,EUR
20251010,9,16,2,1,3,INV448921,2,20.36,142.39,459.97,2439.09,1676.18,762.91,EUR
20240305,7,20,2,12,3,INV960893,3,21.03,150.39,585.41,2577.29,1407.38,1169.91,EUR
20250528,24,24,1,3,1,INV474778,3,36.41,171.46,810.33,5432.53,3785.97,1646.56,EUR
20250724,16,28,1,11,2,INV576041,3,43.86,114.31,89.58,4924.06,2696.49,2227.57,EUR
20240705,27,9,2,10,2,INV516981,4,32.43,60.73,294.79,1674.68,838.61,836.07,EUR
20250728,40,25,1,14,2,INV970460,3,5.03,158.44,89.67,707.28,474.48,232.8,EUR
20240412,39,17,1,8,2,INV492843,3,4.36,118.79,71.27,446.65,263.38,183.27,EUR
20241110,39,25,2,6,1,INV804836,1,22.04,62.36,148.85,1225.56,803.97,421.59,EUR
20251120,16,17,3,11,3,INV598984,3,22.56,92.53,158.33,1929.15,1149.33,779.82,EUR
20240207,31,1,3,6,2,INV860515,5,13.9,160.82,94.0,2141.4,1607.34,534.06,EUR
20240815,28,18,4,11,2,INV206795,3,43.13,162.13,244.35,6748.32,3659.34,3088.98,EUR
20240103,38,9,1,8,2,INV827642,2,15.62,31.39,20.64,469.67,318.49,151.18,EUR
20250422,8,2,1,2,1,INV449202,3,23.65,173.17,627.84,3467.63,2373.14,1094.49,EUR
20240926,16,22,1,14,3,INV375162,5,24.7,42.86,199.57,859.07,550.23,308.84,EUR
20250527,22,13,3,2,1,INV459251,3,32.76,148.93,475.99,4402.96,2327.27,2075.69,EUR
20250630,22,29,3,8,1,INV749670,3,8.43,173.53,156.94,1305.92,1031.7,274.22,EUR
20241223,36,1,3,8,3,INV726843,3,41.81,78.8,330.51,2964.12,2063.28,900.84,EUR
20250216,3,5,3,11,3,INV223268,2,21.12,55.28,173.18,994.33,692.61,301.72,EUR
20251015,20,15,1,5,1,INV587602,1,13.33,163.3,434.09,1742.7,1103.79,638.91,EUR
20240408,17,24,4,11,3,INV612900,2,48.74,33.65,114.58,1525.52,908.91,616.61,EUR
20241214,3,17,2,8,2,INV490975,4,2.82,97.68,10.52,264.94,198.01,66.93,EUR
20240413,2,3,4,6,3,INV810729,1,33.29,17.47,12.2,569.38,412.75,156.63,EUR
20250127,30,19,3,10,1,INV612629,5,22.19,123.5,517.49,2222.98,1319.96,903.02,EUR
20251127,7,13,2,2,3,INV936896,3,29.34,158.31,617.37,4027.45,2944.85,1082.6,EUR
20250822,28,15,4,11,1,INV470085,2,39.74,102.49,195.63,3877.32,2961.33,915.99,EUR
20241230,34,20,4,1,2,INV160600,4,7.28,111.46,34.79,776.64,569.84,206.8,EUR
20240806,15,26,3,14,1,INV889872,2,30.99,24.14,28.36,719.74,490.2,229.54,EUR
20241113,11,16,3,10,1,INV553208,4,42.7,185.35,496.47,7417.98,5294.07,2123.91,EUR
20250804,27,15,1,12,2,INV645427,1,10.6,155.85,321.61,1330.4,931.64,398.76,EUR
20251111,4,30,4,11,3,INV339418,3,38.93,93.02,264.18,3357.09,2498.1,858.99,EUR
20250203,2,17,2,14,2,INV290290,4,12.63,148.6,303.96,1572.86,1232.8,340.06,EUR
20251225,5,5,4,7,3,INV208722,1,40.7,137.72,1072.74,4532.46,3349.62,1182.84,EUR
20240619,5,9,2,6,1,INV944212,4,5.05,30.56,15.1,139.23,96.43,42.8,EUR
20250804,10,27,3,13,3,INV421004,4,48.86,154.17,680.21,6852.54,3969.21,2883.33,EUR
20251006,18,13,3,12,1,INV289649,3,34.64,70.23,139.35,2293.42,1199.28,1094.14,EUR
20250617,7,26,3,2,1,INV500604,4,10.19,193.61,271.13,1701.76,924.59,777.17,EUR
20240730,36,27,1,12,3,INV326899,4,42.04,147.23,635.04,5554.51,4077.55,1476.96,EUR
20250703,18,28,4,2,2,INV500557,2,9.12,189.76,90.35,1640.26,1077.11,563.15,EUR
20240722,16,11,3,1,1,INV216698,2,22.7,112.92,467.24,2096.04,1055.2,1040.84,EUR
20240102,33,16,4,5,2,INV606362,1,36.88,12.01,37.36,405.57,283.7,121.87,EUR
20250321,7,18,2,13,2,INV495540,2,37.28,80.9,291.45,2724.5,1896.97,827.53,EUR
20251206,5,21,4,3,1,INV623226,2,3.05,113.66,58.62,288.04,178.13,109.91,EUR
20240220,20,4,4,14,3,INV333172,1,12.08,167.15,65.35,1953.82,1472.17,481.65,EUR
20251101,22,26,4,5,3,INV550258,4,15.63,121.88,31.74,1873.24,957.42,915.82,EUR
20251202,15,20,1,7,2,INV934755,5,2.63,117.27,43.77,264.65,170.95,93.7,EUR
20240116,15,10,2,6,3,INV220054,5,23.08,20.09,51.22,412.46,297.47,114.99,EUR
20250117,36,19,1,4,2,INV671294,2,29.4,98.26,6.23,2882.61,1681.09,1201.52,EUR
20240430,22,30,2,2,3,INV361062,4,36.7,158.38,396.33,5416.22,2987.38,2428.84,EUR
20240104,9,6,1,7,3,INV870672,1,27.97,106.91,219.39,2770.88,1615.16,1155.72,EUR
20240111,10,28,2,4,2,INV671721,2,38.04,167.24,244.45,6117.36,4598.78,1518.58,EUR
20251016,6,1,4,6,2,INV350937,3,42.71,101.2,292.25,4030.0,2321.75,1708.25,EUR
20250810,14,25,3,2,1,INV270838,1,15.91,182.4,444.09,2457.89,1339.95,1117.94,EUR
20250710,16,7,1,10,2,INV485501,5,47.62,120.75,554.53,5195.59,3499.0,1696.59,EUR
20240813,22,26,4,2,2,INV616889,1,42.99,142.86,236.14,5905.41,3564.62,2340.79,EUR
20250527,29,30,1,10,2,INV177294,2,13.43,187.24,192.11,2322.52,1391.16,931.36,EUR
20250205,17,18,2,13,3,INV761857,5,29.94,49.68,133.34,1354.08,903.96,450.12,EUR
20240428,36,15,4,8,2,INV799642,4,43.03,11.78,28.37,478.52,283.79,194.73,EUR
20251102,38,26,4,11,3,INV800759,2,42.3,131.42,525.24,5033.83,2873.81,2160.02,EUR
20240821,15,6,3,10,2,INV884771,4,17.33,153.44,265.84,2393.28,1900.28,493.0,EUR
20241214,8,25,1,5,3,INV394551,5,43.08,121.46,733.5,4499.0,3576.55,922.45,EUR
20240810,8,18,1,6,2,INV120482,3,42.41,40.82,17.82,1713.36,1162.18,551.18,EUR
20250820,24,27,3,13,2,INV533645,1,6.15,19.73,23.14,98.2,66.07,32.13,EUR
20250205,20,29,4,6,2,INV806332,3,21.5,97.65,214.88,1884.59,1389.08,495.51,EUR
20240604,11,13,2,5,3,INV454264,3,47.22,139.26,997.18,5578.68,3759.98,1818.7,EUR
20250915,33,9,4,9,2,INV877669,4,1.56,92.44,20.87,123.34,88.64,34.7,EUR
20240705,27,3,2,9,1,INV529671,5,24.34,128.71,540.28,2592.52,1983.14,609.38,EUR
20250412,29,20,3,8,1,INV893634,2,28.91,179.69,422.1,4772.74,2925.09,1847.65,EUR
20250523,30,19,2,12,2,INV173147,1,3.7,93.18,16.44,328.33,199.39,128.94,EUR
20240513,36,20,4,3,1,INV792782,1,20.94,193.7,529.85,3526.23,1940.76,1585.47,EUR
20240725,11,8,2,11,1,INV154406,2,11.57,121.98,64.86,1346.45,786.3,560.15,EUR
20240124,26,27,1,14,2,INV693492,3,35.68,139.21,2.29,4964.72,3393.84,1570.88,EUR
20251101,9,7,3,8,3,INV510819,3,39.15,123.77,87.55,4758.05,3101.08,1656.97,EUR
20240905,31,23,1,1,2,INV377768,3,27.02,167.33,304.13,4217.13,2781.25,1435.88,EUR
20241214,16,4,1,10,3,INV890042,5,39.38,58.63,167.21,2141.64,1689.59,452.05,EUR
20240526,34,26,1,6,1,INV565637,4,38.25,67.51,68.18,2514.08,1508.21,1005.87,EUR
20240131,31,18,4,9,3,INV768510,4,27.67,15.21,15.19,405.67,230.67,175.0,EUR
20250827,9,6,1,4,1,INV603878,1,45.2,27.68,242.43,1008.71,777.79,230.92,EUR
20250727,26,14,2,10,3,INV793982,2,27.46,99.68,287.12,2450.09,1580.82,869.27,EUR
20250615,32,7,1,5,1,INV944696,3,28.8,161.47,161.54,4488.8,3345.19,1143.61,EUR
20250430,37,13,3,5,1,INV547857,1,12.49,154.45,209.07,1720.01,1121.39,598.62,EUR
20250427,1,1,3,2,3,INV143334,2,26.83,69.32,254.72,1605.14,874.83,730.31,EUR
20240122,10,22,2,12,3,INV787953,1,5.03,178.61,64.84,833.57,508.45,325.12,EUR
20241005,5,13,3,9,2,INV749607,2,33.27,142.27,52.59,4680.73,3587.38,1093.35,EUR
20250219,27,5,4,6,3,INV875654,1,39.22,77.55,246.82,2794.69,1967.92,826.77,EUR
20250403,17,9,2,14,1,INV340975,4,3.71,111.57,63.5,350.42,205.94,144.48,EUR
20250709,13,7,1,10,2,INV632350,4,7.95,55.2,48.75,390.09,241.61,148.48,EUR
20251225,1,14,1,13,1,INV372226,3,22.83,122.94,128.62,2678.1,1661.5,1016.6,EUR
20240318,18,24,3,9,3,INV204567,5,32.08,11.32,26.51,336.64,241.27,95.37,EUR
20250802,28,16,4,11,1,INV129054,5,7.33,23.99,4.6,171.25,91.75,79.5,EUR
20250729,10,18,3,3,1,INV337863,2,48.51,95.49,3.47,4628.75,2687.43,1941.32,EUR
20251024,13,25,4,10,2,INV630077,2,30.08,29.6,95.36,795.01,621.2,173.81,EUR
20250115,21,26,1,2,2,INV983234,2,40.3,132.73,89.1,5259.92,3579.18,1680.74,EUR
20240120,30,11,4,5,3,INV216076,3,45.82,66.82,496.42,2565.27,1918.87,646.4,EUR
20250819,27,6,4,3,2,INV730498,1,26.34,113.63,414.89,2578.12,1426.59,1151.53,EUR
20251030,37,26,4,12,2,INV347080,4,35.71,97.61,119.8,3365.85,2441.75,924.1,EUR
20241031,13,21,3,4,3,INV459250,3,31.51,97.86,305.52,2778.05,1892.08,885.97,EUR
20250120,24,16,1,6,2,INV889245,3,11.92,108.52,174.98,1118.58,573.72,544.86,EUR
20240609,40,30,1,13,1,INV383336,5,32.72,131.73,108.07,4202.14,2694.71,1507.43,EUR
20250304,4,21,1,12,1,INV695197,3,1.46,22.5,4.59,28.26,18.22,10.04,EUR
20250504,27,5,3,3,2,INV500496,2,7.17,59.72,13.17,415.02,211.63,203.39,EUR
20250226,39,8,1,10,1,INV852701,3,46.22,129.61,70.27,5920.3,3138.21,2782.09,EUR
20241206,10,15,2,2,3,INV219169,4,10.03,44.63,27.82,419.82,218.2,201.62,EUR
20250518,22,14,1,1,3,INV168970,5,14.03,184.5,412.71,2175.82,1229.84,945.98,EUR
20241203,40,17,3,8,2,INV271530,2,29.19,131.1,638.36,3188.45,2515.2,673.25,EUR
20251024,21,20,4,11,2,INV827228,4,39.59,161.48,105.38,6287.61,3809.5,2478.11,EUR
20250901,2,26,2,3,2,INV906510,2,37.35,98.34,572.53,3100.47,1924.79,1175.68,EUR
20240111,3,24,2,3,3,INV690104,1,29.16,143.6,532.76,3654.62,2301.3,1353.32,EUR
20250409,27,3,3,5,1,INV573547,5,24.96,169.99,598.82,3644.13,2169.82,1474.31,EUR
20251105,4,23,3,3,3,INV360659,1,20.63,103.61,61.39,2076.08,1477.34,598.74,EUR
20240303,28,15,3,13,2,INV698636,2,31.48,68.1,99.13,2044.66,1374.77,669.89,EUR
20250824,2,9,3,14,1,INV875255,5,43.39,160.33,958.48,5998.24,3313.16,2685.08,EUR
20250425,36,23,2,6,2,INV307752,2,41.53,166.94,136.73,6796.29,3849.38,2946.91,EUR
20240121,31,8,3,6,1,INV759629,2,3.47,197.29,57.93,626.67,332.41,294.26,EUR
20240702,10,10,4,5,1,INV764315,5,27.4,46.27,207.65,1060.15,580.1,480.05,EUR
20240904,15,12,1,6,1,INV519179,1,7.15,166.08,77.58,1109.89,827.6,282.29,EUR
20250514,6,12,3,6,3,INV622879,1,40.39,191.64,412.98,7327.36,5856.76,1470.6,EUR
20240223,18,5,2,11,3,INV807897,3,47.37,84.72,57.15,3956.04,2682.67,1273.37,EUR
20240609,24,27,3,14,1,INV237988,3,12.4,162.15,14.31,1996.35,1289.43,706.92,EUR
20250613,5,19,1,14,1,INV962239,3,45.27,76.37,513.7,2943.57,2115.74,827.83,EUR
20241113,40,9,1,10,3,INV593298,1,17.33,104.47,273.91,1536.56,933.28,603.28,EUR
20240504,26,14,2,3,3,INV762494,2,49.05,87.82,15.03,4292.54,3155.66,1136.88,EUR
20240503,27,5,1,11,3,INV662505,3,44.7,146.06,310.05,6218.83,3354.6,2864.23,EUR
20240101,30,14,1,6,1,INV403208,2,3.68,125.35,60.85,400.44,260.4,140.04,EUR
20250102,27,20,4,8,1,INV420939,2,34.61,141.62,414.13,4487.34,3472.62,1014.72,EUR
20250601,3,24,1,2,1,INV182467,3,38.5,89.34,66.07,3373.52,1737.42,1636.1,EUR
20240809,39,5,4,14,3,INV649920,5,28.31,112.21,131.59,3045.08,1779.28,1265.8,EUR
20250204,8,13,2,9,3,INV219413,4,48.38,99.9,517.78,4315.38,2613.8,1701.58,EUR
20250624,23,30,4,10,1,INV467544,1,33.38,82.54,547.32,2207.87,1606.5,601.37,EUR
20250703,11,13,4,3,3,INV135939,1,24.48,39.66,94.81,876.07,654.63,221.44,EUR
20251015,36,4,3,8,1,INV762986,2,23.45,76.82,101.86,1699.57,1087.44,612.13,EUR
20240816,2,18,2,1,2,INV732983,4,47.66,108.88,621.06,4568.16,3145.83,1422.33,EUR
20250806,24,4,3,6,2,INV737077,5,11.02,97.68,17.1,1059.33,652.82,406.51,EUR
20240926,37,2,4,7,3,INV640123,4,23.02,22.99,59.4,469.83,342.44,127.39,EUR
20240413,6,14,3,6,2,INV147640,3,33.77,161.16,893.67,4548.7,2557.14,1991.56,EUR
20241106,16,30,1,9,1,INV756216,4,11.27,187.08,6.86,2101.53,1071.17,1030.36,EUR
20241223,34,27,3,7,2,INV895262,2,12.77,99.25,120.87,1146.55,846.59,299.96,EUR
20240119,13,4,4,8,3,INV684276,4,6.31,158.73,168.2,833.39,443.63,389.76,EUR
20241016,36,16,2,1,1,INV250551,3,33.57,36.31,91.41,1127.52,840.48,287.04,EUR
20241211,21,1,1,6,2,INV718506,1,25.86,151.43,28.57,3887.41,2600.97,1286.44,EUR
20250717,14,19,4,7,3,INV580507,2,26.5,100.88,165.67,2507.65,1327.1,1180.55,EUR
20240807,1,7,3,4,3,INV330434,1,2.35,120.25,16.45,266.14,158.05,108.09,EUR
20250921,20,20,2,1,2,INV825239,3,6.21,198.4,139.57,1092.49,757.25,335.24,EUR
20241117,18,14,4,3,3,INV749275,4,34.97,78.25,285.61,2450.79,1812.44,638.35,EUR
20240609,10,11,2,8,2,INV762528,4,3.73,41.53,7.74,147.17,79.31,67.86,EUR
20241020,3,12,4,12,2,INV573545,1,10.04,24.97,18.5,232.2,155.38,76.82,EUR
20240214,17,4,2,13,3,INV112553,3,4.4,86.48,3.31,377.2,249.96,127.24,EUR
20240427,12,7,2,8,3,INV680203,3,38.79,102.32,487.56,3481.43,2350.35,1131.08,EUR
20250125,13,14,1,6,1,INV596642,4,30.96,167.53,840.58,4346.15,3288.53,1057.62,EUR
20241015,20,10,2,1,1,INV267846,3,35.01,38.34,144.08,1198.2,899.75,298.45,EUR
20240714,5,8,4,4,2,INV180540,3,18.98,53.01,14.82,991.31,744.15,247.16,EUR
20240422,35,2,2,7,3,INV499138,5,40.8,184.82,1188.39,6352.27,4327.71,2024.56,EUR
20240911,37,14,1,7,1,INV125697,3,23.26,158.68,68.29,3622.61,2356.18,1266.43,EUR
20240507,7,27,2,12,2,INV988142,4,47.86,138.54,189.65,6440.87,3807.41,2633.46,EUR
20250512,27,18,2,5,1,INV147465,2,13.83,63.37,34.71,841.7,438.47,403.23,EUR
20240416,8,28,1,5,1,INV458409,1,35.17,53.98,119.55,1778.93,951.29,827.64,EUR
20250824,1,10,3,8,1,INV626729,3,21.29,118.78,139.03,2389.8,1229.15,1160.65,EUR
20250130,30,4,3,11,3,INV581056,5,11.42,14.14,3.38,158.1,117.44,40.66,EUR
20241228,25,9,3,8,1,INV901710,2,23.43,135.66,300.3,2878.21,1671.2,1207.01,EUR
20240225,30,24,3,1,1,INV325228,4,14.01,127.47,207.38,1578.47,1225.42,353.05,EUR
20250621,29,1,2,4,3,INV211718,2,20.27,194.24,484.18,3453.06,1818.69,1634.37,EUR
20251007,26,10,1,1,2,INV117743,2,9.22,154.22,128.23,1293.68,737.56,556.12,EUR
20240307,36,2,3,8,2,INV353163,1,34.59,16.88,3.13,580.75,383.38,197.37,EUR
20250219,22,10,4,13,1,INV273794,3,12.07,17.12,38.48,168.16,85.16,83.0,EUR
20241014,29,10,4,8,3,INV414901,5,19.55,130.76,298.52,2257.84,1480.35,777.49,EUR
20241005,33,9,1,8,1,INV781187,2,20.86,30.24,124.68,506.13,392.96,113.17,EUR
20250411,30,1,1,8,2,INV902390,2,33.04,69.51,416.81,1879.8,1275.74,604.06,EUR
20240725,3,15,1,2,1,INV563837,1,29.11,154.19,747.01,3741.46,2984.97,756.49,EUR
20241011,40,1,2,2,2,INV400536,3,5.22,194.63,72.47,943.5,712.12,231.38,EUR
20250309,29,9,2,4,1,INV797914,5,15.85,117.28,151.37,1707.52,1213.02,494.5,EUR
20241216,24,6,2,10,1,INV603363,1,41.11,148.11,438.63,5650.17,4362.28,1287.89,EUR
20240226,20,20,2,7,3,INV523853,3,11.51,83.32,21.42,937.59,676.86,260.73,EUR
20250504,30,8,1,8,1,INV695512,3,38.4,141.95,168.73,5282.15,3443.8,1838.35,EUR
20240604,13,26,3,14,3,INV494385,3,48.52,56.28,339.55,2391.16,1816.63,574.53,EUR
20251105,25,18,4,11,1,INV373441,1,49.56,192.2,521.0,9004.43,5044.53,3959.9,EUR
20240507,31,30,4,8,1,INV551329,1,18.9,116.25,44.5,2152.62,1639.9,512.72,EUR
20241123,30,20,2,2,3,INV227333,4,7.68,14.65,15.7,96.81,65.47,31.34,EUR
20250919,13,30,3,13,2,INV512242,3,20.63,165.73,365.91,3053.1,2072.42,980.68,EUR
20240116,7,10,3,6,2,INV105140,2,30.37,55.09,221.32,1451.76,932.95,518.81,EUR
20240411,35,13,4,12,3,INV258246,3,16.79,124.82,357.21,1738.52,897.82,840.7,EUR
20240125,40,30,2,7,1,INV107432,1,33.67,158.92,852.14,4498.7,2399.27,2099.43,EUR
20240226,6,27,3,7,1,INV535450,1,42.46,97.34,464.43,3668.63,2701.34,967.29,EUR
20250930,33,3,2,2,1,INV101265,1,33.96,115.65,109.92,3817.55,2783.51,1034.04,EUR
20250627,20,22,4,14,3,INV754828,1,38.44,140.45,960.63,4438.27,3163.0,1275.27,EUR
20250728,26,16,2,4,3,INV328643,1,4.01,136.41,57.9,489.1,317.0,172.1,EUR
20250422,16,21,4,14,2,INV432409,4,4.44,36.32,31.86,129.4,94.67,34.73,EUR
20250627,36,5,2,1,2,INV323685,1,26.79,196.97,867.45,4409.38,2365.5,2043.88,EUR
20250128,5,21,2,14,1,INV263096,2,21.26,155.27,455.73,2845.31,1795.13,1050.18,EUR
20240901,28,17,2,6,3,INV739095,5,4.24,171.05,63.03,662.22,334.08,328.14,EUR
20240906,10,8,1,12,3,INV869835,2,33.27,195.73,182.22,6329.72,4873.31,1456.41,EUR
20240601,26,26,4,2,1,INV499019,5,12.78,120.8,186.81,1357.01,932.79,424.22,EUR
20241124,11,30,2,6,1,INV744770,4,38.32,59.05,309.46,1953.34,1139.83,813.51,EUR
20240911,28,25,4,9,1,INV221788,1,16.15,194.51,138.71,3002.63,1885.13,1117.5,EUR
20240125,39,23,1,6,3,INV623954,4,5.17,73.45,53.35,326.39,221.34,105.05,EUR
20251106,4,25,4,12,1,INV917887,4,27.0,186.52,52.51,4983.53,3870.65,1112.88,EUR
20250813,7,23,2,1,3,INV865183,3,47.77,191.21,854.88,8279.22,4428.3,3850.92,EUR
20240701,26,13,1,4,1,INV299503,3,25.93,23.77,98.16,518.2,286.34,231.86,EUR
20241123,23,22,4,8,1,INV856530,4,48.54,161.36,306.35,7526.06,5638.32,1887.74,EUR
20250515,38,11,3,2,3,INV774757,2,13.49,95.77,176.27,1115.67,582.43,533.24,EUR
20250505,14,13,4,1,1,INV844996,5,21.86,192.65,330.96,3880.37,2700.27,1180.1,EUR
20250317,7,4,2,6,3,INV405831,2,11.06,15.82,0.5,174.47,89.48,84.99,EUR
20250211,16,2,2,10,1,INV758797,3,49.72,116.14,590.47,5184.01,2939.08,2244.93,EUR
20240624,8,2,4,11,3,INV647044,5,10.93,42.64,41.14,424.92,303.77,121.15,EUR
20241227,19,18,3,3,1,INV102799,4,7.55,22.17,15.04,152.34,77.2,75.14,EUR
20241029,9,18,4,5,3,INV172723,4,34.41,40.43,170.58,1220.62,767.73,452.89,EUR
20240802,26,11,1,3,3,INV866895,3,18.32,27.36,71.11,430.13,217.43,212.7,EUR
20250107,6,2,1,10,2,INV822086,5,38.66,144.9,144.33,5457.5,4164.8,1292.7,EUR
20240731,4,1,2,7,1,INV573743,2,7.32,71.23,16.01,505.39,351.88,153.51,EUR
20240824,1,23,2,11,2,INV815970,2,43.98,131.55,228.52,5557.05,3540.22,2016.83,EUR
20240728,37,4,4,13,3,INV248421,5,2.48,125.17,54.09,256.33,182.72,73.61,EUR
20240814,8,14,4,10,2,INV976765,5,24.09,138.45,6.17,3329.09,1870.62,1458.47,EUR
20240102,17,12,3,5,1,INV119776,4,5.88,84.28,57.51,438.06,219.59,218.47,EUR
20251203,35,10,3,13,3,INV447380,5,2.35,72.55,22.36,148.13,95.83,52.3,EUR
20241102,10,19,4,14,3,INV278212,5,1.18,34.62,0.78,40.07,24.35,15.72,EUR
20241121,2,21,4,10,3,INV839329,4,5.84,146.58,33.41,822.62,492.72,329.9,EUR
20240615,22,12,2,12,1,INV830138,2,7.52,160.7,133.58,1074.88,552.92,521.96,EUR
20250530,36,7,4,11,2,INV766853,3,12.52,185.03,342.93,1973.65,1552.07,421.58,EUR
20251231,20,16,4,3,2,INV882397,2,30.19,18.88,12.14,557.85,298.31,259.54,EUR
20241203,11,27,3,6,3,INV819137,4,41.91,97.97,578.22,3527.7,2348.21,1179.49,EUR
20240630,26,2,2,2,2,INV389784,5,29.79,194.18,22.99,5761.63,4451.11,1310.52,EUR
20250102,35,29,1,12,3,INV593761,1,42.0,92.04,617.95,3247.73,2451.59,796.14,EUR
20241112,9,6,2,6,3,INV444432,3,33.38,79.25,465.2,2180.17,1119.65,1060.52,EUR
20241227,37,14,4,6,2,INV620015,5,30.76,171.99,113.19,5177.22,2881.18,2296.04,EUR
20250404,38,26,2,1,3,INV420287,3,23.92,194.6,411.63,4243.2,2439.99,1803.21,EUR
20251130,7,3,4,1,3,INV697674,3,48.43,118.38,1045.23,4687.91,2398.77,2289.14,EUR
20240421,23,22,2,3,1,INV914311,2,10.87,144.77,187.3,1386.35,849.54,536.81,EUR
20240108,33,7,3,8,2,INV813827,1,7.37,106.44,90.65,693.81,454.35,239.46,EUR
20250924,15,1,4,5,2,INV210968,1,37.64,148.8,641.01,4959.82,3603.46,1356.36,EUR
20250505,37,29,2,8,1,INV764169,3,35.1,187.66,1201.93,5384.94,4075.81,1309.13,EUR
20240813,14,17,4,12,3,INV644262,3,44.24,37.65,121.76,1543.88,1069.62,474.26,EUR
20250728,40,17,4,9,3,INV210009,5,38.88,59.06,107.86,2188.39,1471.94,716.45,EUR
20250209,16,2,1,11,1,INV593107,2,25.33,64.07,189.03,1433.86,980.07,453.79,EUR
20251031,20,26,3,6,2,INV817216,3,43.61,68.84,66.24,2935.87,2316.12,619.75,EUR
20250407,26,19,2,12,2,INV242016,4,32.37,185.99,342.94,5677.56,3234.38,2443.18,EUR
20250407,23,19,1,12,2,INV132498,3,13.22,120.15,292.14,1296.24,729.51,566.73,EUR
20250917,34,11,1,8,3,INV838242,5,48.34,79.14,654.24,3171.39,2014.25,1157.14,EUR
20240816,32,11,4,11,3,INV175542,4,24.37,68.79,276.21,1400.2,1116.37,283.83,EUR
20251124,3,16,2,1,2,INV783833,1,40.51,169.64,640.06,6232.06,3841.31,2390.75,EUR
20251203,13,11,1,11,3,INV102741,4,25.89,51.4,155.4,1175.35,640.08,535.27,EUR
20240721,33,11,3,1,1,INV298275,4,29.5,124.76,95.61,3584.81,2388.55,1196.26,EUR
20251129,3,24,2,4,1,INV902138,2,46.56,139.84,511.22,5999.73,3351.87,2647.86,EUR
20250414,16,11,3,13,1,INV398575,5,23.07,59.87,190.6,1190.6,662.58,528.02,EUR
20240511,16,9,4,8,1,INV406204,4,39.82,72.65,19.31,2873.61,1646.31,1227.3,EUR
20241231,21,12,3,12,2,INV143937,2,2.8,88.1,23.2,223.48,116.68,106.8,EUR
20250304,20,9,3,10,2,INV938148,4,40.16,31.12,40.02,1209.76,804.86,404.9,EUR
20240912,39,3,2,8,3,INV867997,1,42.29,71.74,265.53,2768.35,1720.71,1047.64,EUR
20240606,11,28,2,9,3,INV348360,1,18.87,66.25,104.82,1145.32,811.45,333.87,EUR
20240911,1,30,3,6,2,INV439572,3,29.45,19.7,112.5,467.66,263.61,204.05,EUR
20241206,28,1,4,8,2,INV905474,5,30.68,137.71,779.87,3445.07,1946.18,1498.89,EUR
20251023,9,16,4,14,1,INV704565,5,4.02,138.89,45.9,512.44,260.71,251.73,EUR
20240701,16,13,4,12,3,INV959430,2,47.45,90.58,798.68,3499.34,1767.91,1731.43,EUR
20251203,12,5,1,10,2,INV492717,3,34.15,86.08,269.22,2670.41,1820.28,850.13,EUR
20250318,30,1,1,6,3,INV213051,2,2.89,49.37,24.21,118.47,68.22,50.25,EUR
20250918,3,15,4,10,2,INV271536,1,19.74,148.34,322.83,2605.4,1454.05,1151.35,EUR
20240831,15,19,1,12,3,INV265204,5,46.07,158.81,891.72,6424.66,3429.11,2995.55,EUR
20241211,15,1,4,2,1,INV281756,4,3.06,20.57,7.04,55.9,42.78,13.12,EUR
20250607,15,21,4,8,3,INV393316,2,23.25,20.29,26.99,444.75,297.05,147.7,EUR
20250517,35,18,4,13,1,INV674097,2,4.04,46.77,6.0,182.95,127.71,55.24,EUR
20251211,2,3,2,7,3,INV680288,1,45.18,59.15,376.11,2296.29,1400.05,896.24,EUR
20250816,21,5,3,8,2,INV113779,5,21.43,141.6,11.81,3022.68,1898.17,1124.51,EUR
20240928,29,5,3,14,2,INV285476,3,23.59,96.08,211.14,2055.39,1182.22,873.17,EUR
20250521,36,29,3,1,2,INV103778,5,14.36,70.44,94.7,916.82,671.69,245.13,EUR
20240224,28,3,2,10,3,INV624417,5,23.23,185.04,469.18,3829.3,2092.79,1736.51,EUR
20250618,4,26,2,9,1,INV520535,1,35.66,153.62,281.75,5196.34,3280.26,1916.08,EUR
20240102,22,7,4,2,3,INV641008,4,2.63,83.57,31.53,188.26,124.78,63.48,EUR
20240111,13,3,4,7,2,INV594875,5,42.07,130.84,158.91,5345.53,3607.11,1738.42,EUR
20240714,8,29,2,13,2,INV240022,5,34.55,55.26,142.46,1766.77,1246.81,519.96,EUR
20240326,26,26,1,2,3,INV733266,1,48.88,115.71,296.02,5359.88,2711.65,2648.23,EUR
20250326,1,30,1,8,1,INV825760,5,39.19,140.18,533.87,4959.78,3816.67,1143.11,EUR
20250110,11,2,4,8,3,INV208486,1,24.09,64.19,88.14,1458.2,827.5,630.7,EUR
20250715,38,12,4,10,2,INV575017,2,32.76,65.8,35.89,2119.72,1094.01,1025.71,EUR
20240309,6,2,1,1,3,INV591763,1,40.95,104.31,629.54,3641.95,1851.65,1790.3,EUR
20240629,1,12,1,3,2,INV797432,3,28.7,41.06,179.73,998.69,687.11,311.58,EUR
20251221,40,6,1,2,1,INV807349,2,31.39,178.28,407.93,5188.28,3565.96,1622.32,EUR
20250909,31,9,4,11,3,INV785719,3,32.36,174.95,478.12,5183.26,3516.85,1666.41,EUR
20250407,20,9,2,6,1,INV502210,5,38.41,59.0,293.9,1972.29,1019.37,952.92,EUR
20240326,26,10,1,6,3,INV321447,4,15.29,188.82,454.37,2432.69,1837.26,595.43,EUR
20240405,13,8,4,13,3,INV904625,2,43.55,159.99,1109.54,5858.02,3624.01,2234.01,EUR
20250810,39,15,4,9,1,INV879660,4,38.59,10.91,44.64,376.38,226.98,149.4,EUR
20240331,30,10,1,13,2,INV646271,3,31.15,84.29,267.36,2358.27,1373.72,984.55,EUR
20250825,40,2,1,4,2,INV627764,4,9.37,149.55,188.85,1212.43,767.79,444.64,EUR
20240928,22,1,4,4,1,INV370990,3,38.48,70.29,526.89,2177.87,1570.23,607.64,EUR
20240421,7,29,1,2,3,INV159510,5,19.23,141.67,38.59,2685.72,1773.3,912.42,EUR
20250224,28,29,3,10,1,INV958266,2,4.74,77.82,42.56,326.31,174.69,151.62,EUR
20251112,14,2,4,12,3,INV308204,3,34.97,171.77,9.99,5996.81,4364.53,1632.28,EUR
20240608,10,22,4,5,1,INV462980,5,48.42,104.11,940.07,4100.94,2061.11,2039.83,EUR
20241205,19,18,2,14,3,INV642157,4,46.15,114.13,107.42,5159.68,3523.69,1635.99,EUR
20240306,19,16,3,10,3,INV666055,3,22.9,83.45,112.63,1798.38,1214.2,584.18,EUR
20250411,7,16,3,11,2,INV932990,2,4.95,91.66,41.56,412.16,267.78,144.38,EUR
20250702,4,26,3,6,1,INV751684,2,21.77,174.21,636.33,3156.22,2164.86,991.36,EUR
20250530,34,21,4,10,3,INV650226,4,47.09,72.82,191.19,3237.9,2116.99,1120.91,EUR
20250407,19,3,2,5,1,INV221159,5,46.38,35.88,311.4,1352.71,1078.57,274.14,EUR
20240806,27,29,1,12,2,INV731312,4,9.92,96.2,126.63,827.67,429.73,397.94,EUR
20251216,38,7,3,7,1,INV640994,5,2.33,39.11,5.08,86.05,68.26,17.79,EUR
20241020,19,16,2,7,3,INV926617,3,20.95,185.01,54.19,3821.77,2323.8,1497.97,EUR
20250721,26,5,2,12,1,INV165119,4,2.38,89.59,26.15,187.07,122.63,64.44,EUR
20241119,15,4,4,1,1,INV840874,2,23.03,185.52,206.17,4066.36,2097.66,1968.7,EUR
20250326,12,26,4,2,3,INV533959,2,14.93,96.75,252.59,1191.89,745.54,446.35,EUR
20240305,7,5,1,4,3,INV832460,1,25.09,171.01,478.49,3812.15,2464.48,1347.67,EUR
20240218,26,14,1,6,3,INV413322,3,31.51,107.02,346.39,3025.81,1854.86,1170.95,EUR
20241228,28,11,3,2,3,INV130117,2,31.8,114.69,380.95,3266.19,1964.86,1301.33,EUR
20240318,11,30,4,7,3,INV143519,3,41.87,126.56,413.45,4885.62,3794.67,1090.95,EUR
20250912,34,25,3,3,3,INV625862,2,49.68,169.73,1669.82,6762.37,4292.09,2470.28,EUR
20240206,22,5,1,4,1,INV802387,2,42.15,41.84,217.59,1545.97,1030.62,515.35,EUR
20250416,6,26,2,4,3,INV267082,1,11.19,92.19,78.74,952.87,601.21,351.66,EUR
20241027,9,26,4,14,3,INV603872,5,20.07,91.22,198.3,1632.49,1141.14,491.35,EUR
20241212,12,16,2,9,2,INV874668,4,49.1,147.25,216.24,7013.74,4571.17,2442.57,EUR
20250509,29,18,2,14,2,INV558889,1,47.87,11.38,19.83,524.93,347.02,177.91,EUR
20240815,18,21,3,14,3,INV838441,3,24.54,75.0,156.55,1683.95,939.41,744.54,EUR
20251027,9,28,4,8,3,INV848512,1,3.74,72.81,18.5,253.81,154.05,99.76,EUR
20250821,31,7,1,3,2,INV331343,2,9.34,75.43,130.26,574.26,364.34,209.92,EUR
20240124,20,23,2,13,2,INV143787,2,17.22,74.17,232.0,1045.21,686.04,359.17,EUR
20251218,15,19,4,8,3,INV140556,3,6.11,88.96,105.56,437.99,289.61,148.38,EUR
20240311,24,26,4,11,2,INV519148,4,12.41,84.29,164.6,881.44,671.77,209.67,EUR
20250124,39,1,3,5,3,INV803807,3,37.56,91.93,515.25,2937.64,1651.45,1286.19,EUR
20251229,12,20,1,12,1,INV397191,5,30.51,76.93,218.4,2128.73,1504.67,624.06,EUR
20240130,1,22,4,3,1,INV810295,5,13.83,69.43,161.38,798.84,561.78,237.06,EUR
20241012,11,14,3,1,2,INV532621,1,32.17,122.98,163.26,3793.01,1993.39,1799.62,EUR
20240218,15,28,2,10,3,INV130341,1,12.82,189.61,242.5,2188.3,1663.42,524.88,EUR
20250119,10,18,2,4,2,INV544909,5,31.6,70.89,397.67,1842.45,1349.63,492.82,EUR
20240318,3,18,1,2,2,INV958374,2,11.13,63.24,113.76,590.1,352.78,237.32,EUR
20250414,2,5,4,8,1,INV636340,4,4.47,70.57,24.04,291.41,198.87,92.54,EUR
20251106,40,12,4,12,3,INV800224,3,18.32,103.98,216.53,1688.38,1153.98,534.4,EUR
20250114,24,1,3,6,3,INV351648,4,7.57,144.91,18.21,1078.76,576.51,502.25,EUR
20250610,24,29,3,2,3,INV335149,5,17.9,40.49,45.36,679.41,490.34,189.07,EUR
20251109,24,5,1,8,3,INV911220,5,32.62,105.12,531.39,2897.62,1513.4,1384.22,EUR
20251027,21,4,1,10,3,INV844243,2,5.53,168.12,69.59,860.11,506.28,353.83,EUR
20241029,21,5,1,13,1,INV142320,2,24.21,83.29,251.23,1765.22,1021.4,743.82,EUR
20240726,2,17,2,5,1,INV297711,3,34.48,55.97,279.25,1650.6,870.64,779.96,EUR
20240621,19,29,3,1,3,INV836342,2,29.55,199.75,515.31,5387.3,3161.64,2225.66,EUR
20240123,37,9,1,3,3,INV192848,5,45.16,78.72,590.45,2964.55,1628.81,1335.74,EUR
20250504,37,11,1,12,1,INV396026,4,30.78,58.05,48.71,1738.07,1344.0,394.07,EUR
20240830,10,11,3,7,1,INV190538,5,45.1,26.52,231.21,964.84,515.38,449.46,EUR
20241105,15,9,3,8,1,INV311947,2,30.44,140.27,369.26,3900.56,2156.11,1744.45,EUR
20250417,28,18,4,2,1,INV617544,2,15.23,34.4,80.47,443.44,241.77,201.67,EUR
20240618,40,3,2,9,1,INV334659,1,5.52,122.49,41.29,634.85,323.97,310.88,EUR
20250924,34,20,1,9,3,INV776043,5,35.86,119.9,582.53,3717.08,2195.33,1521.75,EUR
20250104,11,7,1,14,3,INV212923,5,43.57,16.86,22.64,711.95,499.23,212.72,EUR
20240715,21,13,2,2,2,INV258968,2,38.26,177.39,849.77,5937.17,3839.67,2097.5,EUR
20241103,5,30,4,2,1,INV999948,2,34.85,181.36,116.6,6203.8,3316.21,2887.59,EUR
20250602,31,10,1,6,1,INV217455,2,36.39,158.53,26.45,5742.46,4399.91,1342.55,EUR
20240911,18,26,3,10,2,INV550738,1,47.95,24.56,210.65,967.0,621.22,345.78,EUR
20250204,23,2,4,8,2,INV887616,2,18.55,173.34,295.33,2920.13,1658.13,1262.0,EUR
20250121,14,4,4,1,1,INV794300,4,48.02,105.73,78.01,4999.14,3477.89,1521.25,EUR
20251118,4,11,4,14,1,INV297093,5,30.99,173.35,221.09,5151.03,3231.54,1919.49,EUR
20250417,2,1,3,10,3,INV394582,4,45.79,173.91,1541.46,6421.88,3976.2,2445.68,EUR
20250911,16,28,2,13,1,INV328799,4,3.9,103.7,60.03,344.4,205.08,139.32,EUR
20240110,2,19,4,14,1,INV387675,1,28.41,47.6,49.39,1302.93,768.04,534.89,EUR
20240201,26,11,4,5,2,INV829646,5,34.98,114.89,500.79,3518.06,2446.2,1071.86,EUR
20240906,30,11,1,14,3,INV616830,2,7.96,171.67,88.83,1277.66,846.48,431.18,EUR
20251210,10,22,3,9,2,INV878771,3,18.45,199.8,82.99,3603.32,2472.1,1131.22,EUR
20240427,37,14,1,4,2,INV644609,2,39.14,54.69,212.18,1928.39,1288.62,639.77,EUR
20240730,36,23,4,4,2,INV689920,2,8.12,55.7,1.54,450.74,260.27,190.47,EUR
20240829,27,9,4,6,3,INV426317,4,21.63,161.92,362.32,3140.01,2265.25,874.76,EUR
20251229,18,4,4,4,2,INV903968,1,7.38,86.06,13.42,621.7,372.94,248.76,EUR
20240621,37,15,4,7,1,INV227746,3,18.56,67.36,128.24,1121.96,598.31,523.65,EUR
20241002,17,26,1,6,2,INV286921,5,6.52,69.21,19.33,431.92,265.1,166.82,EUR
20240311,5,14,4,2,1,INV421824,4,45.95,173.35,1397.85,6567.58,3433.78,3133.8,EUR
20250612,39,6,4,12,3,INV123210,3,17.74,144.76,138.48,2429.56,1922.76,506.8,EUR
20240921,12,24,4,9,1,INV498222,5,37.9,185.73,1327.71,5711.46,4519.4,1192.06,EUR
20240825,32,15,1,5,1,INV308042,3,43.99,138.57,770.35,5325.34,3165.53,2159.81,EUR
20241212,37,12,4,13,2,INV130054,1,12.31,11.32,2.4,136.95,93.17,43.78,EUR
20250227,9,5,4,13,1,INV331259,5,19.44,121.54,428.65,1934.09,1365.65,568.44,EUR
20251208,7,21,4,12,1,INV509551,5,12.36,79.85,155.17,831.78,429.7,402.08,EUR
20250817,21,27,4,1,3,INV303086,3,2.44,146.07,40.89,315.52,196.23,119.29,EUR
20250104,3,18,1,2,1,INV531869,3,42.95,153.19,1246.41,5333.1,3051.41,2281.69,EUR
20250624,17,18,3,4,3,INV596879,4,2.66,141.3,12.98,362.88,234.46,128.42,EUR
20250807,22,23,3,12,1,INV419690,2,30.1,77.53,133.06,2200.59,1594.67,605.92,EUR
20250314,37,11,3,3,1,INV877916,4,42.29,142.65,426.79,5605.88,3534.71,2071.17,EUR
20250501,22,6,1,1,1,INV535060,1,32.77,94.9,168.49,2941.38,1877.45,1063.93,EUR
20251109,19,23,3,10,1,INV345613,3,34.03,165.06,799.41,4817.58,3204.85,1612.73,EUR
20240615,28,9,4,12,1,INV820216,1,3.6,94.54,31.66,308.68,243.79,64.89,EUR
20240415,9,22,3,11,3,INV454251,4,20.85,24.23,74.61,430.59,220.59,210.0,EUR
20241004,37,10,3,2,3,INV994631,3,9.51,144.07,174.58,1195.53,916.81,278.72,EUR
20240908,21,23,3,13,1,INV925413,5,10.9,50.52,18.61,532.06,351.41,180.65,EUR
20250428,23,28,4,11,2,INV701650,5,7.11,49.54,64.69,287.54,179.53,108.01,EUR
20241129,25,9,4,12,2,INV200512,1,17.74,116.47,365.11,1701.07,1222.53,478.54,EUR
20240307,34,28,4,1,3,INV647084,5,14.6,187.15,511.51,2220.88,1435.34,785.54,EUR
20250813,8,4,4,2,1,INV415303,4,13.63,82.55,146.19,978.97,773.73,205.24,EUR
20250819,33,8,1,13,3,INV579698,3,40.21,42.77,263.97,1455.81,1109.25,346.56,EUR
20250516,14,24,3,12,1,INV352890,4,50.0,137.13,1330.83,5525.67,3690.43,1835.24,EUR
20250522,30,1,1,8,3,INV687736,1,31.99,74.72,82.5,2307.79,1798.75,509.04,EUR
20240609,6,25,1,9,1,INV891624,2,20.9,118.63,290.36,2189.01,1498.05,690.96,EUR
20251112,26,14,1,3,3,INV551283,3,45.62,170.28,853.43,6914.74,3903.39,3011.35,EUR
20250807,24,15,1,7,2,INV522063,5,7.55,30.6,33.14,197.89,148.17,49.72,EUR
20240712,31,1,1,8,1,INV950125,2,24.88,157.58,413.8,3506.79,2292.16,1214.63,EUR
20250302,28,25,2,3,1,INV622935,1,28.96,178.97,533.69,4649.28,2705.36,1943.92,EUR
20241004,39,5,4,8,3,INV419258,5,22.57,87.78,271.07,1710.12,1170.93,539.19,EUR
20241221,4,28,4,13,2,INV805898,3,40.79,85.04,306.39,3162.39,1986.36,1176.03,EUR
20250208,24,22,3,2,3,INV634596,2,25.61,94.88,284.77,2145.11,1393.3,751.81,EUR
20250814,23,1,1,4,2,INV450061,2,37.99,21.59,71.76,748.44,414.53,333.91,EUR
20250918,15,2,2,3,3,INV507833,3,17.92,191.08,254.22,3169.93,2006.54,1163.39,EUR
20240904,1,20,1,8,2,INV913233,1,36.89,53.15,33.94,1926.76,1261.03,665.73,EUR
20240530,10,9,4,7,3,INV601885,3,6.99,75.09,58.57,466.31,300.61,165.7,EUR
20251010,37,19,1,1,3,INV937343,3,42.19,177.15,597.08,6876.88,5345.02,1531.86,EUR
20250221,39,30,2,4,1,INV616493,4,12.3,198.65,63.29,2380.11,1570.48,809.63,EUR
20241229,26,6,2,8,1,INV924729,2,25.37,43.58,74.52,1031.1,694.88,336.22,EUR
20240414,3,8,2,12,2,INV964605,1,1.34,141.66,11.85,177.97,123.96,54.01,EUR
20240914,3,7,4,1,2,INV307108,2,12.43,154.72,262.63,1660.54,1145.24,515.3,EUR
20250704,33,7,3,6,2,INV765444,1,7.27,132.68,171.86,792.72,545.22,247.5,EUR
20240113,18,15,2,8,1,INV721220,5,40.25,131.93,394.74,4915.44,3836.87,1078.57,EUR
20251124,8,16,4,10,3,INV504375,5,1.81,195.68,44.47,309.71,182.34,127.37,EUR
20251223,23,10,3,12,3,INV251078,1,19.01,136.48,279.88,2314.6,1311.77,1002.83,EUR
20250927,11,14,3,1,2,INV316277,2,31.83,95.56,394.01,2647.66,2110.83,536.83,EUR
20250908,28,17,3,10,1,INV375853,2,26.78,115.66,393.77,2703.6,1815.87,887.73,EUR
20240814,39,15,4,11,3,INV643038,2,34.21,25.26,64.34,799.8,457.01,342.79,EUR
20240406,39,17,3,13,3,INV964314,4,48.23,161.59,1214.81,6578.68,4633.24,1945.44,EUR
20240131,9,11,1,7,2,INV555503,5,20.83,137.51,21.09,2843.24,1972.84,870.4,EUR
20240816,20,16,4,8,1,INV412310,5,29.27,111.06,160.33,3090.4,2063.94,1026.46,EUR
20250101,40,3,1,4,3,INV451219,2,16.21,172.74,213.44,2586.68,1411.84,1174.84,EUR
20241129,23,19,4,4,3,INV563225,3,11.09,138.57,127.44,1409.3,956.87,452.43,EUR
20240920,40,11,3,1,1,INV683355,5,18.05,159.7,164.88,2717.7,1654.23,1063.47,EUR
20251109,24,7,1,8,1,INV638493,4,11.64,20.18,34.69,200.21,105.57,94.64,EUR
20251109,10,24,4,4,2,INV804098,4,11.85,151.15,60.09,1731.04,1247.65,483.39,EUR
20251103,30,7,2,3,3,INV314439,3,45.99,95.88,497.64,3911.88,2658.19,1253.69,EUR
20240307,28,22,4,1,1,INV708447,1,2.64,11.97,3.47,28.13,17.7,10.43,EUR
20240124,29,7,2,7,2,INV418983,4,38.9,115.95,515.11,3995.34,2825.72,1169.62,EUR
20251111,31,17,3,10,2,INV760708,3,5.48,198.43,172.89,914.51,673.14,241.37,EUR
20250923,2,20,2,8,1,INV534984,3,45.85,156.52,942.89,6233.55,3800.75,2432.8,EUR
20250726,7,1,3,6,2,INV954180,2,36.07,89.51,620.78,2607.85,1957.5,650.35,EUR
20240918,32,26,2,12,1,INV665771,4,38.64,177.61,1021.47,5841.38,4298.75,1542.63,EUR
20251229,21,5,1,11,2,INV507886,4,17.89,197.6,391.07,3143.99,1989.36,1154.63,EUR
20241106,29,15,1,10,3,INV890260,5,25.62,195.57,274.01,4736.49,3526.73,1209.76,EUR
20241229,3,20,4,9,2,INV749036,2,25.66,85.06,326.05,1856.59,960.46,896.13,EUR
20240902,3,17,4,5,2,INV941183,5,47.66,41.43,367.4,1607.15,947.34,659.81,EUR
20240825,23,9,4,10,2,INV285392,1,10.15,29.4,21.23,277.18,141.27,135.91,EUR
20240828,33,15,1,1,3,INV672419,1,11.27,174.88,165.4,1805.5,1060.23,745.27,EUR
20250313,1,29,3,10,1,INV322232,4,20.72,93.85,178.73,1765.84,1272.11,493.73,EUR
20250819,8,22,1,7,1,INV295310,2,6.67,74.23,97.54,397.57,227.14,170.43,EUR
20250811,26,23,3,6,3,INV926960,4,35.8,145.08,729.12,4464.74,3087.56,1377.18,EUR
20251016,3,2,3,2,2,INV646448,5,11.86,51.17,15.9,590.98,391.9,199.08,EUR
20251108,26,1,1,14,1,INV640671,3,16.47,10.06,28.58,137.11,75.44,61.67,EUR
20241212,31,7,1,2,1,INV171911,2,42.92,164.02,1205.42,5834.32,3082.87,2751.45,EUR
20250708,6,30,3,9,1,INV503457,1,30.29,125.44,585.69,3213.89,1718.73,1495.16,EUR
20250214,24,2,3,6,1,INV703546,1,33.92,150.54,605.73,4500.59,3375.42,1125.17,EUR
20250813,27,18,4,2,3,INV554137,4,4.76,11.48,0.13,54.51,32.34,22.17,EUR
20240531,39,28,2,12,1,INV887704,5,45.45,191.3,1473.68,7220.91,5753.39,1467.52,EUR
20240118,32,30,1,10,2,INV187796,2,48.18,51.8,405.7,2090.02,1091.55,998.47,EUR
20240718,18,19,3,3,1,INV144135,5,43.71,173.32,1224.81,6351.01,3254.29,3096.72,EUR
20240223,14,16,1,8,2,INV480859,5,28.23,83.22,336.58,2012.72,1160.26,852.46,EUR
20240108,25,13,1,2,3,INV290120,4,39.66,150.72,861.74,5115.82,3554.98,1560.84,EUR
20240301,25,19,3,2,2,INV433448,4,34.01,41.92,33.61,1392.09,876.3,515.79,EUR
20251020,5,18,1,2,3,INV865318,2,43.31,144.99,979.5,5300.02,4040.95,1259.07,EUR
20250921,39,30,2,4,1,INV290955,3,18.5,176.22,331.2,2928.87,1899.65,1029.22,EUR
20240518,4,14,2,4,1,INV929122,3,40.98,74.76,263.77,2799.89,1952.73,847.16,EUR
20250601,39,28,1,14,1,INV710980,4,32.03,118.44,306.95,3486.68,2316.1,1170.58,EUR
20241022,23,1,3,3,1,INV168264,2,37.97,170.08,1023.72,5434.22,2726.71,2707.51,EUR
20240505,26,26,3,13,1,INV822507,5,38.67,58.1,335.73,1911.0,1418.31,492.69,EUR
20240213,35,23,1,12,3,INV623829,1,13.58,162.84,244.05,1967.32,1123.0,844.32,EUR
20250311,37,11,3,5,3,INV469514,1,41.19,12.2,68.35,434.17,327.75,106.42,EUR
20241206,33,2,4,14,1,INV825940,4,13.85,85.69,141.02,1045.79,592.05,453.74,EUR
20250925,35,30,3,10,3,INV142594,4,13.64,125.59,93.94,1619.11,957.73,661.38,EUR
20251112,40,22,1,5,3,INV476529,4,46.57,199.39,822.82,8462.77,5325.82,3136.95,EUR
20241119,13,22,3,8,2,INV889314,4,30.64,176.85,873.95,4544.73,2538.57,2006.16,EUR
20240408,26,28,3,8,1,INV649911,4,7.05,197.95,187.64,1207.91,739.96,467.95,EUR
20250615,21,19,1,3,3,INV506239,2,30.83,94.74,226.71,2694.12,1444.82,1249.3,EUR
20250203,25,5,4,7,1,INV905299,2,16.11,109.2,95.02,1664.19,1302.01,362.18,EUR
20250715,39,30,4,8,3,INV148205,1,20.4,81.91,280.45,1390.51,1006.46,384.05,EUR
20251201,19,2,2,2,2,INV961782,4,47.64,49.19,335.95,2007.46,1092.57,914.89,EUR
20240531,18,6,2,6,1,INV458163,4,41.73,10.13,27.14,395.58,297.11,98.47,EUR
20250926,20,20,4,2,2,INV288484,1,18.74,171.35,218.02,2993.08,1631.41,1361.67,EUR
20251002,24,30,2,6,1,INV904826,1,10.23,32.62,18.17,315.53,244.71,70.82,EUR
20240118,22,20,2,5,3,INV256671,2,8.32,147.86,174.96,1055.24,529.72,525.52,EUR
20240328,10,30,3,5,3,INV337209,1,39.85,62.66,348.76,2148.24,1588.91,559.33,EUR
20241014,2,26,4,9,1,INV378123,2,34.36,130.68,786.63,3703.53,2386.98,1316.55,EUR
20250711,10,23,3,1,1,INV201364,1,21.93,110.87,110.91,2320.47,1311.31,1009.16,EUR
20250929,37,28,1,9,1,INV784870,1,48.05,162.76,886.64,6933.98,3780.28,3153.7,EUR
20241114,11,14,3,8,3,INV909874,5,37.99,92.69,152.86,3368.43,2020.21,1348.22,EUR
20250531,31,15,3,13,2,INV233689,4,11.45,143.43,164.97,1477.3,1159.84,317.46,EUR
20240527,13,24,4,14,3,INV256336,3,16.23,152.09,63.32,2405.1,1434.83,970.27,EUR
20241130,8,3,4,9,3,INV684160,2,28.12,72.91,403.86,1646.37,947.53,698.84,EUR
20250109,15,18,2,9,2,INV266553,1,49.36,93.86,438.1,4194.83,2575.24,1619.59,EUR
20250122,3,18,2,9,3,INV619196,3,16.73,142.3,238.33,2142.35,1121.97,1020.38,EUR
20251112,9,2,4,6,1,INV175765,2,36.12,84.1,218.66,2819.03,1569.85,1249.18,EUR
20250115,9,13,2,2,3,INV786649,1,24.56,66.15,291.94,1332.7,699.21,633.49,EUR
20240926,15,1,1,1,2,INV185584,3,46.18,77.54,423.17,3157.63,2400.37,757.26,EUR
20250126,20,12,4,5,2,INV314687,2,4.39,161.18,120.32,587.26,310.66,276.6,EUR
20240505,24,8,2,14,1,INV390064,5,46.71,41.28,166.65,1761.54,1205.91,555.63,EUR
20240130,6,1,1,12,1,INV930287,3,12.09,67.29,97.57,715.97,436.23,279.74,EUR
20251229,35,23,3,14,3,INV851767,4,31.72,149.4,496.16,4242.81,2238.91,2003.9,EUR
20250502,33,13,1,12,1,INV221219,3,29.06,39.15,138.12,999.58,564.97,434.61,EUR
20250323,15,17,2,8,2,INV711709,1,47.68,50.02,56.06,2328.89,1281.39,1047.5,EUR
20240822,39,11,3,9,1,INV560295,1,15.2,49.28,17.63,731.43,434.22,297.21,EUR
20250621,14,26,4,9,2,INV424695,4,24.11,173.12,213.57,3960.35,2525.57,1434.78,EUR
20240814,26,13,4,14,2,INV521754,1,1.18,193.73,17.27,211.33,151.13,60.2,EUR
20240614,36,28,2,2,1,INV925694,5,7.23,120.4,161.55,708.94,537.1,171.84,EUR
20250530,27,28,2,8,3,INV928517,3,38.37,35.4,71.02,1287.28,948.9,338.38,EUR
20250905,14,7,1,5,3,INV917100,3,32.55,199.68,560.12,5939.46,3265.69,2673.77,EUR
20240207,26,13,4,1,2,INV669461,3,49.44,27.96,55.95,1326.39,923.21,403.18,EUR
20240927,14,11,3,10,3,INV196020,1,48.36,134.99,1281.4,5246.72,3879.96,1366.76,EUR
20241225,7,5,3,3,1,INV130502,4,37.72,98.86,508.79,3220.21,2067.86,1152.35,EUR
20251225,2,10,2,13,2,INV364681,5,5.65,140.97,115.75,680.73,458.69,222.04,EUR
20250105,36,26,3,10,2,INV275028,1,31.51,104.93,499.06,2807.28,2179.63,627.65,EUR
20240801,27,7,4,6,3,INV620664,2,24.95,97.63,253.17,2182.7,1403.2,779.5,EUR
20250109,37,7,3,13,3,INV545797,1,11.22,157.36,31.53,1734.05,1000.64,733.41,EUR
20250901,5,19,3,4,3,INV124627,5,32.97,161.89,191.25,5146.26,3787.58,1358.68,EUR
20240513,13,7,1,11,2,INV990791,4,6.63,174.52,7.67,1149.4,600.56,548.84,EUR
20240817,40,4,3,5,3,INV100233,3,14.87,152.38,187.03,2078.86,1196.04,882.82,EUR
20250925,11,25,1,5,3,INV733034,1,5.26,174.16,96.11,819.97,506.85,313.12,EUR
20250128,17,27,4,12,3,INV119449,3,42.12,196.35,1089.48,7180.78,4819.78,2361.0,EUR
20240401,22,29,4,4,3,INV793612,1,19.69,126.49,285.07,2205.52,1408.31,797.21,EUR
20240824,25,15,2,1,3,INV808401,4,6.79,162.18,167.75,933.45,595.0,338.45,EUR
20250318,20,8,2,1,2,INV633638,4,28.81,93.38,85.14,2605.14,1511.21,1093.93,EUR
20250106,40,16,1,11,3,INV481719,3,45.84,94.35,169.08,4155.92,3035.76,1120.16,EUR
20250515,30,1,1,2,3,INV451947,3,34.21,28.22,186.34,779.07,547.51,231.56,EUR
20240729,12,24,4,1,3,INV544607,5,17.68,106.59,259.26,1625.25,1235.59,389.66,EUR
20251204,36,14,1,1,3,INV459685,5,24.24,188.94,458.86,4121.05,3279.91,841.14,EUR
20250505,38,10,2,12,1,INV996945,4,14.42,177.9,26.2,2539.12,1561.06,978.06,EUR
20240602,32,13,4,11,2,INV940876,3,30.13,163.61,787.25,4142.32,2984.98,1157.34,EUR
20250614,29,21,4,7,3,INV371877,5,32.02,194.76,928.67,5307.55,3209.27,2098.28,EUR
20251005,16,9,4,5,2,INV779240,1,36.13,34.64,5.89,1245.65,759.05,486.6,EUR
20250329,32,6,1,9,3,INV386149,5,30.95,69.82,98.1,2062.83,1417.42,645.41,EUR
20241206,2,8,4,13,2,INV393242,5,43.48,16.18,136.18,567.33,373.02,194.31,EUR
20250118,15,18,2,4,3,INV659601,3,46.32,120.27,207.83,5363.08,3658.42,1704.66,EUR
20240910,27,20,4,5,3,INV650357,1,35.13,62.57,343.25,1854.83,1191.57,663.26,EUR
20250414,14,2,3,2,2,INV101371,4,11.7,164.05,271.22,1648.16,1238.64,409.52,EUR
20241117,7,2,2,7,2,INV641616,2,43.6,95.87,486.06,3693.87,2075.19,1618.68,EUR
20241025,26,15,3,11,2,INV379422,4,43.32,151.66,325.39,6244.52,4716.04,1528.48,EUR
20240519,32,7,4,5,1,INV451980,5,8.19,20.2,31.6,133.84,90.03,43.81,EUR
20240312,4,29,1,1,1,INV758804,4,22.37,101.76,242.81,2033.56,1432.88,600.68,EUR
20250902,21,4,4,5,3,INV375115,5,44.18,100.4,562.31,3873.36,2171.62,1701.74,EUR
20240720,16,28,1,7,1,INV376389,3,11.53,71.07,141.31,678.13,414.58,263.55,EUR
20251223,31,17,2,14,2,INV124040,3,33.77,156.02,723.15,4545.65,2831.8,1713.85,EUR
20240709,30,1,4,14,3,INV593219,3,22.2,99.38,212.19,1994.05,1377.79,616.26,EUR
20251217,35,22,1,3,3,INV291190,2,44.27,85.83,72.08,3727.61,2108.06,1619.55,EUR
20240422,9,7,4,8,2,INV481593,5,32.59,108.97,211.37,3339.96,2343.49,996.47,EUR
20251217,14,30,2,8,2,INV624863,4,1.44,184.17,26.79,238.41,189.24,49.17,EUR
20250516,38,3,1,11,2,INV986070,3,6.84,15.69,9.17,98.15,50.28,47.87,EUR
20240206,30,17,2,13,3,INV813797,3,22.63,148.84,345.1,3023.15,1689.59,1333.56,EUR
20240111,15,9,3,8,1,INV553886,3,33.34,141.12,6.81,4698.13,2759.29,1938.84,EUR
20240925,40,5,4,3,3,INV160561,5,1.48,32.36,4.33,43.56,33.14,10.42,EUR
20250602,16,26,4,13,2,INV357639,1,21.97,151.4,216.62,3109.64,2137.11,972.53,EUR
20240930,17,9,1,9,3,INV791000,5,45.15,199.34,1057.75,7942.45,4028.3,3914.15,EUR
20240709,3,15,3,7,1,INV985775,3,8.57,127.67,170.96,923.17,495.98,427.19,EUR
20250105,11,7,1,3,3,INV727170,5,20.71,47.21,4.17,973.55,662.13,311.42,EUR
20240618,16,12,4,6,2,INV103373,2,2.44,123.48,35.74,265.55,196.77,68.78,EUR
20241008,4,26,2,11,2,INV318607,2,2.26,37.73,16.62,68.65,46.87,21.78,EUR
20240808,6,18,3,1,1,INV406400,2,10.82,136.22,156.73,1317.17,935.11,382.06,EUR
20251210,25,30,2,13,1,INV415575,5,43.85,158.53,45.23,6906.31,3945.26,2961.05,EUR
20240227,23,10,3,12,2,INV328080,5,18.59,153.73,277.45,2580.39,1636.28,944.11,EUR
20240728,38,26,2,5,3,INV445514,3,12.6,167.67,158.34,1954.3,1026.78,927.52,EUR
20240609,32,5,2,13,3,INV244790,4,46.66,171.87,941.29,7078.16,5382.39,1695.77,EUR
20240410,33,11,2,14,2,INV482866,4,34.59,157.06,851.24,4581.47,3199.77,1381.7,EUR
20240322,22,29,3,10,1,INV355515,1,46.91,33.55,133.22,1440.61,1034.38,406.23,EUR
20250927,22,28,3,5,3,INV626183,4,20.0,138.29,187.29,2578.51,1927.09,651.42,EUR
20241028,33,18,3,10,3,INV220721,3,37.12,106.98,108.2,3862.9,2227.32,1635.58,EUR
20250220,19,2,2,6,1,INV565168,4,30.19,78.61,372.05,2001.19,1361.61,639.58,EUR
20240803,24,28,3,9,3,INV181582,1,25.88,145.24,499.21,3259.6,2066.56,1193.04,EUR
20241203,20,15,4,11,2,INV617115,3,19.23,176.04,250.47,3134.78,2394.39,740.39,EUR
20240430,9,7,4,3,2,INV872444,5,40.8,57.18,278.15,2054.79,1406.93,647.86,EUR
20240118,32,2,3,14,2,INV481878,5,49.18,114.01,348.24,5258.77,3714.78,1543.99,EUR
20250302,30,29,3,12,1,INV557574,4,7.5,138.77,70.96,969.82,607.62,362.2,EUR
20250515,8,5,3,6,3,INV331732,3,45.18,186.72,1310.15,7125.86,4484.15,2641.71,EUR
20240926,40,24,1,7,2,INV229944,2,45.65,197.29,884.09,8122.2,5716.91,2405.29,EUR
20250210,24,7,1,5,2,INV218673,2,14.54,104.32,281.79,1235.02,921.0,314.02,EUR
20240227,22,10,3,6,3,INV352349,3,18.31,128.27,157.93,2190.69,1641.34,549.35,EUR
20250321,12,4,4,9,3,INV325118,2,19.28,194.32,493.06,3253.43,2309.31,944.12,EUR
20250228,27,17,1,9,3,INV473420,1,15.77,162.67,297.85,2267.46,1154.12,1113.34,EUR
20250303,4,10,2,2,2,INV193107,3,45.63,139.29,710.78,5645.02,4119.67,1525.35,EUR
20240405,38,15,2,4,2,INV682995,4,44.47,157.9,865.18,6156.63,4861.63,1295.0,EUR
20240311,27,2,3,11,3,INV125631,1,2.64,80.64,32.46,180.43,100.87,79.56,EUR
20240321,6,4,3,14,1,INV281625,1,8.93,64.16,3.78,569.17,405.5,163.67,EUR
20251203,16,23,2,10,2,INV354797,4,29.78,45.14,0.66,1343.61,941.51,402.1,EUR
20240829,35,18,4,9,1,INV786694,1,28.42,126.84,380.82,3223.97,1886.02,1337.95,EUR
20250405,34,4,4,13,2,INV553275,4,13.17,177.57,411.91,1926.69,1428.29,498.4,EUR
20240109,35,8,3,9,3,INV197208,2,15.4,151.14,188.42,2139.14,1257.02,882.12,EUR
20241011,10,24,4,5,2,INV989431,1,13.63,133.17,70.47,1744.64,1230.44,514.2,EUR
20240619,32,20,4,7,1,INV563830,5,39.46,72.18,52.93,2795.29,1978.83,816.46,EUR
20250430,29,27,3,5,3,INV693995,2,16.24,110.03,237.21,1549.68,917.08,632.6,EUR
20240920,25,27,2,13,3,INV746556,3,13.22,163.97,143.19,2024.49,1277.75,746.74,EUR
20241114,10,7,3,1,1,INV757043,4,39.82,120.83,10.69,4800.76,3200.45,1600.31,EUR
20250801,25,9,4,7,2,INV800104,5,4.13,180.5,98.59,646.88,427.8,219.08,EUR
20240522,37,26,2,4,3,INV909617,2,14.05,116.44,44.95,1591.03,1226.68,364.35,EUR
20240819,30,7,2,8,3,INV685102,3,3.61,83.49,42.94,258.46,145.03,113.43,EUR
20250227,32,30,3,12,3,INV442655,4,25.57,19.78,26.86,478.91,286.82,192.09,EUR
20250821,25,22,3,11,2,INV794778,4,32.93,136.56,711.24,3785.68,2315.14,1470.54,EUR
20250416,33,13,1,1,2,INV453710,1,42.64,35.04,118.21,1375.9,996.95,378.95,EUR
20251029,28,9,3,10,2,INV325271,4,45.86,41.47,13.85,1887.96,1176.81,711.15,EUR
20240918,28,12,2,5,2,INV286197,1,4.01,38.68,30.42,124.69,81.43,43.26,EUR
20250329,17,15,1,14,2,INV243956,1,13.23,25.74,39.12,301.42,202.4,99.02,EUR
20250624,23,22,1,13,2,INV528708,3,31.74,54.73,109.99,1627.14,1229.57,397.57,EUR
20241123,4,18,1,11,2,INV296646,2,41.81,144.82,606.35,5448.57,4243.01,1205.56,EUR
20250309,27,23,2,3,2,INV804242,5,34.9,19.05,37.12,627.73,352.89,274.84,EUR
20250715,7,1,4,1,3,INV939280,5,31.16,24.71,126.81,643.15,329.91,313.24,EUR
20250107,10,5,1,9,2,INV466552,4,45.11,134.32,1010.01,5049.17,2972.15,2077.02,EUR
20250220,24,20,1,6,1,INV596061,1,35.46,76.76,337.75,2384.16,1260.52,1123.64,EUR
20240425,19,7,3,9,1,INV146920,3,47.17,11.19,51.09,476.74,343.0,133.74,EUR
20250110,8,8,1,7,1,INV111366,5,37.81,180.45,1335.03,5487.78,2922.9,2564.88,EUR
20250716,38,15,3,6,1,INV963089,4,6.4,199.69,61.14,1216.88,913.04,303.84,EUR
20240214,19,8,1,10,1,INV565011,3,13.2,26.53,28.98,321.22,200.24,120.98,EUR
20250211,3,6,2,4,2,INV190647,4,48.43,74.55,16.01,3594.45,2619.82,974.63,EUR
20240913,30,11,3,6,1,INV541436,4,47.07,179.91,1142.3,7326.06,4553.55,2772.51,EUR
20250429,4,5,4,12,2,INV218210,1,1.38,192.43,47.98,217.57,163.97,53.6,EUR
20251202,28,18,4,1,2,INV707175,1,16.64,191.82,493.21,2698.67,2135.84,562.83,EUR
20240326,34,3,4,8,3,INV727916,2,40.7,194.65,578.29,7343.97,5425.15,1918.82,EUR
20250811,15,25,2,1,3,INV488576,3,26.96,149.47,564.86,3464.85,2738.95,725.9,EUR
20250304,22,16,1,8,3,INV411217,2,8.12,30.57,26.21,222.02,113.15,108.87,EUR
20241004,12,13,3,7,3,INV653984,3,31.78,139.98,657.69,3790.87,2547.7,1243.17,EUR
20240526,3,10,1,14,3,INV167940,3,35.79,113.43,26.61,4033.05,2398.93,1634.12,EUR
20240221,39,8,2,5,2,INV912320,3,36.45,52.61,159.8,1757.83,1281.78,476.05,EUR
20240107,21,16,3,12,2,INV302907,4,35.33,20.06,81.88,626.84,415.02,211.82,EUR
20241015,8,13,3,4,2,INV570782,1,32.35,37.88,192.71,1032.71,519.68,513.03,EUR
20241003,29,2,1,14,1,INV457573,5,9.31,180.72,280.87,1401.63,794.99,606.64,EUR
20240805,37,24,4,2,2,INV773126,5,19.33,110.55,194.04,1942.89,1324.16,618.73,EUR
20250118,3,12,1,8,3,INV348255,5,12.71,155.06,27.27,1943.54,1005.12,938.42,EUR
20241221,24,29,1,13,2,INV736040,5,10.27,146.32,22.13,1480.58,1001.85,478.73,EUR
20250119,19,21,4,1,3,INV731408,3,36.41,18.2,46.44,616.22,440.73,175.49,EUR
20251006,19,30,3,14,1,INV875999,3,28.98,186.97,399.45,5018.94,2541.77,2477.17,EUR
20250524,25,28,3,1,3,INV373636,4,9.82,12.35,13.05,108.23,75.16,33.07,EUR
20250311,10,21,2,8,1,INV709187,2,21.12,154.42,638.05,2623.3,1965.0,658.3,EUR
20251104,25,26,1,2,3,INV557294,5,43.18,13.79,14.0,581.45,463.39,118.06,EUR
20240813,28,27,1,10,3,INV171306,5,14.64,118.64,282.97,1453.92,756.29,697.63,EUR
20250423,4,2,2,3,2,INV823826,4,33.67,110.2,255.82,3454.61,2602.02,852.59,EUR
20251115,34,15,4,14,2,INV992482,4,39.46,26.08,138.11,891.01,569.57,321.44,EUR
20251215,25,17,2,2,1,INV690524,3,21.91,134.65,433.82,2516.36,1944.21,572.15,EUR
20241109,28,1,4,8,1,INV766621,3,48.13,78.78,527.32,3264.36,2183.46,1080.9,EUR
20240424,38,27,2,3,1,INV471301,1,48.58,80.0,186.67,3699.73,2879.27,820.46,EUR
20250805,30,26,3,12,3,INV920443,5,9.56,18.53,17.57,159.58,84.86,74.72,EUR
20250423,18,29,4,11,2,INV298324,3,27.53,114.69,461.5,2695.92,1744.31,951.61,EUR
20250523,17,17,4,5,2,INV573040,5,12.7,174.03,271.51,1938.67,1331.64,607.03,EUR
20251125,22,21,3,4,3,INV346621,3,19.94,119.95,224.67,2167.13,1164.31,1002.82,EUR
20241225,10,25,1,14,1,INV741344,2,4.02,82.19,16.8,313.6,217.05,96.55,EUR
20240506,10,13,4,2,3,INV193372,5,21.59,121.2,98.99,2517.72,1538.0,979.72,EUR
20251125,3,7,1,4,3,INV601628,5,11.62,70.98,64.88,759.91,410.19,349.72,EUR
20250503,24,8,2,6,2,INV286579,4,34.79,20.12,83.75,616.22,359.27,256.95,EUR
20250716,32,9,4,9,1,INV219261,2,28.37,86.61,419.92,2037.21,1378.72,658.49,EUR
20241024,24,4,4,4,3,INV273227,2,7.73,52.0,35.41,366.55,233.87,132.68,EUR
20250317,22,29,1,13,1,INV695232,3,34.6,164.11,498.97,5179.24,3889.35,1289.89,EUR
20251021,4,11,3,8,3,INV792234,4,36.51,158.39,650.62,5132.2,3272.31,1859.89,EUR
20240727,5,30,2,11,2,INV321965,3,32.4,49.22,78.98,1515.75,1178.49,337.26,EUR
20240319,5,23,3,8,2,INV133195,5,7.9,194.05,48.42,1484.58,1017.93,466.65,EUR
20250611,3,24,2,7,3,INV835921,3,23.08,76.94,148.35,1627.43,1244.36,383.07,EUR
20240919,13,7,1,7,3,INV495908,4,48.85,163.25,856.66,7118.1,4252.02,2866.08,EUR
20250213,37,25,3,4,3,INV774461,3,14.04,30.17,66.58,357.01,185.73,171.28,EUR
20241103,10,28,4,13,3,INV721810,4,13.76,46.66,35.75,606.29,409.46,196.83,EUR
20240427,1,4,1,9,3,INV771481,5,21.37,179.79,478.31,3363.8,1796.56,1567.24,EUR
20240608,38,8,3,8,2,INV320344,5,16.03,105.53,214.56,1477.09,783.19,693.9,EUR
20241128,32,2,2,5,2,INV487376,4,3.61,27.58,19.47,80.09,49.94,30.15,EUR
20251204,11,13,2,5,2,INV439040,3,21.4,40.91,159.69,715.78,564.36,151.42,EUR
20240824,22,23,3,13,2,INV753245,2,8.06,57.49,26.36,437.01,282.77,154.24,EUR
20240326,29,8,3,4,2,INV503619,4,45.74,184.48,1352.53,7085.59,5511.0,1574.59,EUR
20240922,31,22,1,12,3,INV153096,4,3.49,160.37,103.69,456.0,299.89,156.11,EUR
20240319,4,15,3,2,2,INV299109,3,7.54,59.35,68.25,379.25,199.34,179.91,EUR
20240630,1,30,2,3,2,INV763861,1,24.89,85.88,163.72,1973.83,1011.55,962.28,EUR
20250913,22,14,3,11,1,INV654467,3,14.22,46.43,89.01,571.22,360.11,211.11,EUR
20250103,1,5,3,10,1,INV444708,4,35.14,177.06,686.8,5535.09,3496.92,2038.17,EUR
20250919,7,22,3,12,2,INV675462,2,28.73,143.74,146.75,3982.9,2950.92,1031.98,EUR
20250829,12,6,1,14,3,INV221784,1,32.87,40.41,154.85,1173.43,800.61,372.82,EUR
20250530,8,10,1,5,1,INV887564,1,11.6,107.51,90.25,1156.87,822.51,334.36,EUR
20250814,38,7,1,5,1,INV532210,3,8.54,182.1,257.79,1297.34,968.12,329.22,EUR
20240201,7,15,3,1,1,INV154149,5,45.21,132.85,843.07,5163.08,3256.62,1906.46,EUR
20250530,33,17,4,7,2,INV754564,3,27.64,141.3,114.73,3790.8,2107.63,1683.17,EUR
20250906,8,8,4,8,3,INV442830,5,47.63,183.5,545.68,8194.42,4768.61,3425.81,EUR
20251016,37,4,3,4,1,INV854264,1,28.43,14.83,8.02,413.6,230.46,183.14,EUR
20250613,21,29,2,4,1,INV476757,4,41.61,111.39,158.35,4476.59,3533.79,942.8,EUR
20241023,12,18,3,12,1,INV862593,2,8.23,148.04,179.05,1039.32,598.17,441.15,EUR
20240627,26,16,1,11,1,INV918265,2,1.49,36.49,2.68,51.69,38.79,12.9,EUR
20240916,11,8,4,8,1,INV953061,4,24.23,15.63,58.53,320.18,219.56,100.62,EUR
20240721,38,25,4,11,3,INV547329,4,45.59,67.45,597.38,2477.67,1759.74,717.93,EUR
20250526,32,28,2,2,1,INV570623,3,9.75,65.5,87.89,550.74,278.75,271.99,EUR
20240811,3,29,3,14,1,INV119576,5,36.02,103.68,685.09,3049.46,1784.23,1265.23,EUR
20250418,9,12,3,3,2,INV463179,3,44.38,93.0,669.31,3458.03,2754.79,703.24,EUR
20250829,14,19,2,8,2,INV889007,2,29.47,70.62,77.12,2004.05,1336.03,668.02,EUR
20240415,36,6,2,7,3,INV301016,2,39.08,97.29,494.96,3307.13,2165.48,1141.65,EUR
20250504,3,9,2,11,1,INV469394,4,38.89,53.89,218.41,1877.37,1277.79,599.58,EUR
20250815,16,3,1,12,2,INV814806,5,30.07,138.15,540.71,3613.46,2152.27,1461.19,EUR
20241115,30,24,1,6,1,INV954689,4,49.19,199.37,6.47,9800.54,6310.04,3490.5,EUR
20240107,36,18,3,10,2,INV790615,5,30.86,160.55,395.87,4558.7,3349.15,1209.55,EUR
20250412,25,17,4,12,2,INV231329,1,12.65,187.53,385.19,1987.06,1537.16,449.9,EUR
20250102,5,20,3,9,2,INV875786,3,14.62,42.55,112.0,510.08,344.21,165.87,EUR
20241210,7,7,2,12,1,INV878563,3,31.0,76.69,45.77,2331.62,1455.03,876.59,EUR
20251106,23,4,1,1,3,INV530672,4,16.12,30.38,22.57,467.16,354.19,112.97,EUR
20250315,15,13,3,12,3,INV110293,3,36.96,57.84,210.03,1927.74,1251.08,676.66,EUR
20240525,10,8,3,3,2,INV836165,4,42.32,159.5,629.27,6120.77,4824.16,1296.61,EUR
20240210,13,29,2,4,3,INV965637,5,6.49,108.03,61.89,639.22,489.68,149.54,EUR
20250622,40,21,2,6,2,INV807521,4,37.34,171.81,410.79,6004.6,3252.74,2751.86,EUR
20240502,5,29,2,8,3,INV432580,5,21.73,153.91,333.14,3011.32,2243.5,767.82,EUR
20240313,6,10,2,4,1,INV116933,5,25.69,40.78,50.44,997.2,742.84,254.36,EUR
20241208,38,29,3,11,1,INV128050,2,40.89,111.18,463.19,4082.96,2064.4,2018.56,EUR
20251222,27,10,3,12,1,INV810420,1,45.97,34.51,158.9,1427.52,844.19,583.33,EUR
20251224,17,1,1,8,1,INV241259,5,13.83,90.3,106.06,1142.79,760.01,382.78,EUR
20250629,29,21,2,3,1,INV395225,5,30.72,100.87,566.92,2531.81,1274.07,1257.74,EUR
20251111,9,1,3,4,3,INV426513,4,13.53,147.6,122.53,1874.5,1010.19,864.31,EUR
20240214,27,12,1,14,1,INV943883,1,15.42,85.07,17.22,1294.56,891.57,402.99,EUR
20240423,13,4,2,6,2,INV450180,4,28.99,35.3,147.52,875.83,637.56,238.27,EUR
20240530,9,22,2,10,2,INV543823,4,7.39,26.17,14.61,178.79,131.29,47.5,EUR
20251228,34,26,4,12,3,INV990233,4,25.06,100.46,220.51,2297.02,1404.21,892.81,EUR
20240306,14,17,4,8,3,INV180170,2,39.7,125.23,83.55,4888.08,3867.88,1020.2,EUR
20240816,40,15,2,1,2,INV631291,4,12.02,62.23,17.49,730.51,420.68,309.83,EUR
20241215,33,14,1,11,3,INV928758,4,41.59,52.44,49.49,2131.49,1420.97,710.52,EUR
20251203,2,16,4,13,2,INV863273,1,13.15,130.4,36.68,1678.08,1280.23,397.85,EUR
20241122,33,11,2,10,1,INV904500,5,32.24,55.3,139.53,1643.34,890.79,752.55,EUR
20250105,18,27,3,10,1,INV904475,2,29.59,95.13,379.6,2435.3,1448.66,986.64,EUR
20240201,27,8,3,14,2,INV578241,1,7.87,20.36,15.01,145.22,100.27,44.95,EUR
20241229,13,15,3,3,1,INV820144,3,18.59,133.29,356.31,2121.55,1541.79,579.76,EUR
20251120,21,9,3,13,1,INV572043,5,35.7,138.73,451.71,4500.95,3193.71,1307.24,EUR
20250530,34,18,2,11,3,INV865374,2,48.77,161.82,1203.19,6688.77,3407.16,3281.61,EUR
20240209,30,25,2,11,3,INV109593,3,2.06,153.66,19.65,296.89,216.12,80.77,EUR
20240310,8,26,2,5,2,INV210782,4,18.99,103.44,272.2,1692.13,1299.14,392.99,EUR
20241013,7,29,1,12,2,INV678763,4,21.03,25.55,44.97,492.35,386.65,105.7,EUR
20240601,28,5,3,5,2,INV162174,3,28.58,88.74,41.68,2494.51,1849.83,644.68,EUR
20240430,33,15,4,13,1,INV342148,2,8.69,98.02,8.01,843.78,494.1,349.68,EUR
20241027,15,26,1,8,1,INV241142,3,42.17,135.29,881.65,4823.53,3231.23,1592.3,EUR
20250920,31,22,3,10,3,INV162748,2,32.32,20.84,107.51,566.04,321.67,244.37,EUR
20240413,30,15,2,5,2,INV982356,5,8.88,98.75,49.55,827.35,544.58,282.77,EUR
20240417,13,2,1,9,2,INV905100,3,13.01,57.02,120.78,621.05,482.37,138.68,EUR
20251206,25,27,3,2,3,INV925377,1,9.14,79.77,11.76,717.34,534.46,182.88,EUR
20240228,2,8,3,4,2,INV383966,2,36.71,39.37,256.77,1188.5,881.65,306.85,EUR
20250425,19,1,3,4,2,INV244779,3,5.48,133.39,22.64,708.34,380.41,327.93,EUR
20241210,17,4,1,2,3,INV976575,1,32.36,15.28,1.15,493.31,261.82,231.49,EUR
20250215,38,7,1,13,1,INV477991,2,9.65,195.78,116.87,1772.41,973.38,799.03,EUR
20250310,29,21,2,12,2,INV955954,2,28.47,137.26,246.94,3660.85,2296.55,1364.3,EUR
20240506,27,4,3,11,3,INV698606,5,16.24,149.57,200.68,2228.34,1583.31,645.03,EUR
20250630,18,28,3,6,1,INV559893,3,27.23,39.3,113.43,956.71,684.96,271.75,EUR
20251001,24,2,1,5,3,INV708729,3,48.41,44.76,82.99,2083.84,1163.73,920.11,EUR
20250722,24,19,2,14,2,INV636006,1,34.99,190.31,981.28,5677.67,3909.5,1768.17,EUR
20251022,11,17,1,6,1,INV945010,4,16.49,175.84,415.26,2484.34,1621.14,863.2,EUR
20250822,29,26,2,6,2,INV926658,3,45.69,78.04,200.03,3365.62,2390.83,974.79,EUR
20250519,32,16,3,5,2,INV692963,4,13.96,121.59,11.52,1685.88,1058.97,626.91,EUR
20240224,4,14,1,7,3,INV657918,5,46.27,84.13,425.34,3467.36,1864.65,1602.71,EUR
20251118,30,12,3,13,1,INV620973,4,30.09,159.18,781.28,4008.45,2680.62,1327.83,EUR
20251029,19,21,4,1,3,INV205566,2,6.94,178.33,62.91,1174.7,752.2,422.5,EUR
20250104,17,26,3,12,1,INV732346,4,3.13,153.58,5.81,474.9,356.25,118.65,EUR
20250921,15,5,3,8,1,INV561751,5,8.02,190.92,110.42,1420.76,1110.21,310.55,EUR
20240416,31,10,2,2,3,INV513392,1,11.66,80.63,122.05,818.1,465.78,352.32,EUR
20251127,38,10,2,11,3,INV726510,5,46.79,59.14,148.01,2619.15,1431.02,1188.13,EUR
20250724,37,12,2,11,1,INV548140,1,39.53,104.88,754.83,3391.08,2275.32,1115.76,EUR
20240925,22,30,3,10,3,INV884813,3,35.85,77.27,252.87,2517.26,1641.56,875.7,EUR
20240428,12,15,2,12,1,INV616960,3,34.37,174.0,958.08,5022.3,3173.26,1849.04,EUR
20240419,34,8,2,14,1,INV815941,3,45.21,40.67,220.53,1618.16,910.38,707.78,EUR
20251112,9,16,4,2,2,INV528505,3,35.81,155.62,308.48,5264.27,2695.99,2568.28,EUR
20250202,22,22,3,2,1,INV271306,5,19.51,105.88,395.38,1670.34,1318.65,351.69,EUR
20241224,1,5,2,9,3,INV732397,2,2.86,157.24,26.26,423.45,292.57,130.88,EUR
20250824,23,6,2,8,2,INV614188,4,39.93,44.69,223.04,1561.43,929.84,631.59,EUR
20240928,14,30,2,14,3,INV578996,2,36.84,35.31,114.59,1186.23,935.96,250.27,EUR
20250914,27,25,2,2,2,INV225507,1,1.58,82.08,12.7,116.99,85.05,31.94,EUR
20240310,17,7,3,12,3,INV504085,5,33.66,82.7,439.86,2343.82,1756.45,587.37,EUR
20240809,32,3,3,6,2,INV360703,1,48.51,77.66,3.24,3764.05,2523.19,1240.86,EUR
20240718,5,18,4,4,1,INV797581,5,49.42,19.83,122.05,857.95,645.51,212.44,EUR
20250423,29,28,2,2,1,INV742043,4,49.46,178.93,487.02,8362.86,4396.28,3966.58,EUR
20241114,34,11,1,13,1,INV817607,4,33.82,199.56,818.72,5930.4,4440.9,1489.5,EUR
20251214,2,17,2,7,3,INV850971,1,1.01,21.17,0.64,20.74,10.54,10.2,EUR
20251101,31,3,2,13,1,INV647825,5,42.42,195.34,575.35,7710.97,4422.96,3288.01,EUR
20251020,21,19,4,13,1,INV237788,2,11.28,164.44,300.75,1554.13,1199.91,354.22,EUR
20250930,34,24,4,6,1,INV582600,3,22.83,128.0,115.55,2806.69,1568.89,1237.8,EUR
20250718,34,18,1,13,2,INV103172,5,14.87,22.74,22.74,315.4,173.72,141.68,EUR
20241013,8,8,1,1,2,INV638167,5,21.74,133.43,299.17,2601.6,1910.64,690.96,EUR
20241128,22,22,3,1,3,INV455236,5,37.9,67.7,22.11,2543.72,1743.93,799.79,EUR
20250324,12,29,2,7,2,INV752240,3,34.18,34.31,41.74,1130.98,711.13,419.85,EUR
20241213,7,18,1,5,3,INV240858,1,16.11,193.85,141.13,2981.79,1985.97,995.82,EUR
20251109,21,30,1,11,3,INV371843,4,8.17,102.53,64.68,772.99,540.1,232.89,EUR
20241029,39,28,2,14,3,INV400454,1,21.86,176.98,733.15,3135.63,2275.36,860.27,EUR
20250121,29,9,1,8,3,INV811757,5,33.93,142.05,543.32,4276.44,3082.17,1194.27,EUR
20251214,24,18,3,8,2,INV750740,1,47.93,26.35,99.85,1163.11,864.56,298.55,EUR
20250323,30,21,2,7,2,INV196099,5,22.93,54.87,145.71,1112.46,735.77,376.69,EUR
20241120,14,15,4,1,1,INV267885,3,29.17,176.97,113.07,5049.14,3646.29,1402.85,EUR
20241230,39,17,2,5,1,INV559842,5,1.71,93.68,9.38,150.81,97.23,53.58,EUR
20250826,13,13,3,2,3,INV978709,4,19.29,159.41,109.74,2965.28,1867.04,1098.24,EUR
20251214,38,5,1,14,1,INV800690,2,24.01,49.59,81.51,1109.15,719.72,389.43,EUR
20240524,24,13,4,3,1,INV261794,2,1.24,114.99,9.74,132.85,92.72,40.13,EUR
20250812,23,26,1,6,1,INV248752,3,9.9,157.36,118.6,1439.26,722.61,716.65,EUR
20250706,1,29,3,8,3,INV323197,4,33.01,18.77,118.19,501.41,255.34,246.07,EUR
20241002,5,27,2,14,3,INV525367,3,33.06,33.75,115.05,1000.73,630.56,370.17,EUR
20250702,18,20,4,14,3,INV941693,4,41.0,15.25,62.32,562.93,288.81,274.12,EUR
20240215,2,16,3,7,1,INV971959,3,39.57,57.03,200.91,2055.77,1640.22,415.55,EUR
20241011,38,3,4,5,2,INV306543,4,28.43,25.67,106.29,623.51,466.25,157.26,EUR
20250125,16,17,4,7,1,INV183189,3,44.71,144.5,1033.68,5426.91,4068.74,1358.17,EUR
20241128,17,12,4,7,1,INV648953,2,15.23,112.45,171.08,1541.53,801.78,739.75,EUR
20240623,32,17,3,4,3,INV166605,3,6.33,149.46,95.2,850.88,545.45,305.43,EUR
20250304,14,23,3,11,3,INV280381,1,32.02,35.91,164.14,985.7,663.25,322.45,EUR
20250822,34,29,2,2,2,INV690544,1,1.7,142.75,5.97,236.7,179.5,57.2,EUR
20240521,1,10,3,9,2,INV918482,3,21.58,185.5,386.68,3616.41,2202.44,1413.97,EUR
20251113,18,4,4,11,3,INV498323,4,1.35,69.97,10.35,84.11,63.2,20.91,EUR
20250813,6,29,1,7,3,INV958566,3,19.16,134.05,252.5,2315.9,1704.67,611.23,EUR
20251114,29,25,4,6,2,INV854530,4,19.86,173.65,331.53,3117.16,1927.07,1190.09,EUR
20250729,23,5,1,9,3,INV873211,3,42.64,36.54,135.8,1422.27,851.74,570.53,EUR
20241124,12,3,4,6,1,INV401484,5,31.54,108.69,362.84,3065.24,2078.19,987.05,EUR
20250528,32,5,4,6,2,INV876366,3,7.95,10.94,1.34,85.63,60.79,24.84,EUR
20250105,3,14,2,10,3,INV590118,2,32.62,92.04,411.66,2590.68,1322.31,1268.37,EUR
20250124,31,5,3,7,2,INV311989,5,2.83,40.82,20.02,95.5,55.11,40.39,EUR
20240226,13,3,2,10,1,INV353560,1,44.95,30.61,30.83,1345.09,1023.15,321.94,EUR
20240926,2,13,3,5,3,INV657608,3,17.81,104.65,138.49,1725.33,1223.19,502.14,EUR
20241230,10,19,4,2,2,INV178454,3,10.45,125.64,245.89,1067.05,644.43,422.62,EUR
20251225,34,7,3,2,2,INV699649,5,10.79,105.32,161.96,974.44,513.24,461.2,EUR
20240904,22,12,4,7,3,INV553012,2,33.2,48.63,271.55,1342.97,958.36,384.61,EUR
20250811,23,23,4,11,2,INV171609,4,33.01,185.45,400.38,5721.32,4032.13,1689.19,EUR
20240217,8,20,1,13,3,INV553157,2,13.92,90.67,152.15,1109.98,766.05,343.93,EUR
20250307,11,19,2,7,3,INV662750,3,7.73,109.79,61.43,787.25,421.24,366.01,EUR
20250827,30,7,4,8,3,INV862195,5,44.44,19.24,138.97,716.06,358.87,357.19,EUR
20251101,32,27,1,10,1,INV812691,5,16.33,146.86,324.29,2073.93,1116.11,957.82,EUR
20240110,13,18,4,3,1,INV234853,1,39.02,162.31,806.79,5526.55,3711.85,1814.7,EUR
20251011,18,29,3,12,2,INV279853,3,40.96,147.39,503.58,5533.51,3070.33,2463.18,EUR
20240206,7,13,3,7,2,INV327610,2,30.48,197.23,424.18,5587.39,3668.55,1918.84,EUR
20241021,13,24,2,7,1,INV438724,2,34.01,27.36,51.46,879.05,501.5,377.55,EUR
20251020,32,11,3,14,3,INV893475,5,42.07,22.45,51.69,892.78,489.14,403.64,EUR
20240524,19,17,3,4,2,INV151663,4,14.72,12.75,35.84,151.84,103.26,48.58,EUR
20240909,12,17,1,14,3,INV770722,5,30.8,98.47,84.75,2948.13,1712.71,1235.42,EUR
20241105,13,3,1,10,1,INV590793,4,5.71,115.88,31.18,630.49,377.39,253.1,EUR
20251207,16,30,2,13,2,INV597774,2,24.99,77.37,99.48,1834.0,1135.89,698.11,EUR
20250324,9,15,3,8,1,INV453950,3,16.19,186.08,173.59,2839.05,2218.1,620.95,EUR
20240703,25,14,4,2,2,INV816535,2,29.42,161.74,549.21,4209.18,3203.14,1006.04,EUR
20250913,18,6,4,12,1,INV972697,2,48.12,75.69,680.17,2962.03,1568.3,1393.73,EUR
20240917,15,21,2,10,1,INV557875,2,24.15,172.39,449.29,3713.93,2539.99,1173.94,EUR
20241204,33,6,3,13,2,INV596138,2,11.55,178.07,232.4,1824.31,1367.15,457.16,EUR
20250909,39,28,1,4,2,INV217358,5,6.37,197.42,87.18,1170.39,670.31,500.08,EUR
20251214,24,11,4,11,1,INV401804,2,5.13,150.49,65.07,706.94,496.27,210.67,EUR
20240630,3,27,4,14,3,INV856699,3,30.3,18.71,81.31,485.6,364.32,121.28,EUR
20240713,26,9,2,7,2,INV404193,3,11.3,40.47,71.17,386.14,286.71,99.43,EUR
20250304,38,3,3,3,1,INV823536,1,31.95,98.04,94.13,3038.25,2357.54,680.71,EUR
20250328,26,23,2,6,1,INV584248,5,3.3,129.17,76.94,349.32,271.08,78.24,EUR
20250712,21,22,4,2,1,INV730807,2,10.23,152.62,68.09,1493.21,753.0,740.21,EUR
20250825,3,29,1,11,2,INV321990,2,17.76,148.87,224.27,2419.66,1904.76,514.9,EUR
20250401,22,10,4,6,3,INV533258,1,24.49,115.02,174.12,2642.72,1688.05,954.67,EUR
20240129,16,10,3,13,2,INV768700,2,11.79,145.23,280.83,1431.43,867.61,563.82,EUR
20251117,27,28,3,14,1,INV450418,3,37.68,149.62,375.35,5262.33,3366.11,1896.22,EUR
20250521,14,11,1,14,3,INV484251,1,39.59,170.19,673.37,6064.45,4067.21,1997.24,EUR
20250130,23,23,3,10,2,INV443103,4,1.62,159.27,33.06,224.96,164.39,60.57,EUR
20240822,15,15,3,3,1,INV697026,4,37.1,108.01,510.86,3496.31,1840.75,1655.56,EUR
20250731,11,6,2,6,1,INV867927,3,17.59,101.19,209.27,1570.66,958.86,611.8,EUR
20240721,30,21,2,4,2,INV515759,4,3.21,23.32,2.15,72.71,45.73,26.98,EUR
20240807,4,6,4,1,3,INV181242,2,39.71,39.5,185.19,1383.36,750.92,632.44,EUR
20240117,40,25,2,6,3,INV893991,2,16.26,196.0,121.23,3065.73,1673.42,1392.31,EUR
20250913,24,2,1,12,3,INV799450,3,28.82,180.58,579.75,4624.57,2347.77,2276.8,EUR
20250318,38,26,3,4,3,INV157079,5,23.92,187.43,591.11,3892.22,2712.42,1179.8,EUR
20250525,26,15,1,1,2,INV630348,2,16.22,85.86,273.11,1119.54,686.49,433.05,EUR
20241112,36,8,4,11,1,INV813039,5,32.06,49.97,130.88,1471.16,805.65,665.51,EUR
20251129,23,29,1,9,2,INV451682,5,9.86,159.55,134.4,1438.76,965.78,472.98,EUR
20240707,25,13,2,4,1,INV443297,4,36.99,40.18,72.84,1413.42,1107.62,305.8,EUR
20250226,35,27,2,8,1,INV863002,3,23.91,46.56,149.61,963.64,551.48,412.16,EUR
20251015,17,29,4,7,2,INV210472,1,18.32,188.09,205.55,3240.26,2328.65,911.61,EUR
20250130,6,18,1,7,3,INV515084,2,25.61,114.29,443.58,2483.39,1797.63,685.76,EUR
20251213,34,16,2,5,2,INV733414,3,44.59,153.24,929.53,5903.44,4362.02,1541.42,EUR
20251027,40,12,1,9,2,INV751777,3,21.44,26.47,75.73,491.79,286.18,205.61,EUR
20250728,35,8,2,14,1,INV670911,2,27.68,33.05,105.99,808.83,450.67,358.16,EUR
20250425,27,19,1,13,1,INV776752,2,25.2,103.83,507.31,2109.21,1211.34,897.87,EUR
20250916,36,26,1,2,3,INV265415,2,46.59,15.28,54.9,657.0,347.38,309.62,EUR
20250110,12,1,1,11,1,INV352140,5,5.87,38.86,3.34,224.77,125.52,99.25,EUR
20250208,14,22,1,5,1,INV722484,5,9.69,41.91,3.7,402.41,230.71,171.7,EUR
20250716,39,30,4,8,1,INV136662,1,9.96,76.06,2.75,754.81,569.47,185.34,EUR
20240907,7,22,4,8,3,INV435754,4,45.3,142.52,17.74,6438.42,4569.65,1868.77,EUR
20251207,7,21,1,8,2,INV459403,2,41.22,43.09,104.45,1671.72,990.78,680.94,EUR
20240901,17,7,4,2,2,INV176263,3,14.95,103.63,134.9,1414.37,756.09,658.28,EUR
20250421,4,29,4,1,1,INV606077,2,27.12,45.41,8.17,1223.35,705.08,518.27,EUR
20240217,40,8,1,14,3,INV862409,2,14.87,145.55,277.69,1886.64,1044.47,842.17,EUR
20240728,11,4,4,11,3,INV113231,1,19.36,124.06,341.15,2060.65,1140.33,920.32,EUR
20251215,5,18,2,3,3,INV871780,3,10.16,95.66,31.14,940.77,512.03,428.74,EUR
20240213,11,3,2,2,1,INV557863,4,28.64,147.85,140.26,4094.16,3219.53,874.63,EUR
20240808,11,29,4,8,3,INV127863,1,37.72,25.85,86.96,888.1,473.57,414.53,EUR
20250319,30,26,4,12,1,INV726841,1,9.8,28.21,10.44,266.02,164.69,101.33,EUR
20240919,11,14,4,4,1,INV278920,2,3.0,118.94,5.97,350.85,247.61,103.24,EUR
20241212,14,21,1,5,3,INV112504,3,39.81,24.74,102.8,882.1,647.28,234.82,EUR
20240303,22,1,4,6,2,INV102756,5,13.71,70.78,106.31,864.08,539.06,325.02,EUR
20250516,29,2,2,13,2,INV628700,3,22.37,125.89,27.89,2788.27,1399.94,1388.33,EUR
20251101,15,1,4,7,2,INV791933,3,41.71,74.55,317.13,2792.35,1665.86,1126.49,EUR
20240108,6,16,2,8,1,INV576643,5,49.11,56.05,399.18,2353.44,1563.98,789.46,EUR
20250801,2,4,2,3,1,INV478542,1,5.41,39.95,35.72,180.41,104.04,76.37,EUR
20250313,13,28,4,9,1,INV176541,5,30.23,79.14,85.54,2306.86,1182.12,1124.74,EUR
20241118,5,3,4,11,3,INV972332,3,42.94,100.18,66.8,4234.93,2230.18,2004.75,EUR
20240220,26,9,3,13,2,INV694270,4,45.71,115.67,1006.83,4280.45,2950.2,1330.25,EUR
20240401,11,29,3,14,1,INV569584,5,2.24,130.6,31.77,260.77,136.66,124.11,EUR
20240909,35,22,1,10,1,INV230334,1,49.84,190.28,520.41,8963.15,6925.25,2037.9,EUR
20251216,27,16,4,8,2,INV536305,1,29.64,74.28,118.0,2083.66,1291.31,792.35,EUR
20240130,7,16,1,10,1,INV928530,1,23.04,68.22,23.61,1548.18,1191.86,356.32,EUR
20250422,3,5,2,11,1,INV682084,1,13.33,197.18,503.21,2125.2,1257.27,867.93,EUR
20250531,11,15,4,11,1,INV438265,2,36.7,21.27,143.23,637.38,440.32,197.06,EUR
20251021,12,18,3,9,3,INV682619,4,39.41,78.54,310.78,2784.48,1538.13,1246.35,EUR
20250414,11,20,2,4,3,INV859959,3,35.33,179.43,794.96,5544.3,3043.95,2500.35,EUR
20240918,2,29,2,10,3,INV520357,4,10.58,125.22,140.04,1184.79,864.59,320.2,EUR
20241020,35,10,3,3,3,INV577010,2,29.69,54.18,232.55,1376.05,850.22,525.83,EUR
20251124,23,5,2,10,1,INV679939,5,21.4,96.26,68.4,1991.56,1576.05,415.51,EUR
20250429,16,11,2,14,1,INV998511,3,44.85,188.42,1066.08,7384.56,3817.49,3567.07,EUR
20240416,27,14,2,4,2,INV917411,1,6.72,141.32,25.3,924.37,566.01,358.36,EUR
20251207,13,9,3,3,2,INV322067,4,9.4,175.06,183.19,1462.37,811.01,651.36,EUR
20240810,13,12,4,1,2,INV389341,3,18.83,161.85,71.43,2976.21,2298.61,677.6,EUR
20251030,20,7,3,14,2,INV254453,1,4.8,98.77,25.14,448.96,302.04,146.92,EUR
20241027,37,11,4,11,2,INV274798,1,31.96,110.98,212.31,3334.61,2523.93,810.68,EUR
20241103,25,8,1,6,1,INV269261,5,6.45,195.95,103.1,1160.78,842.41,318.37,EUR
20251019,40,6,3,11,2,INV402276,2,29.75,176.9,1042.76,4220.02,2329.7,1890.32,EUR
20250327,14,11,2,11,3,INV748356,5,44.23,81.18,463.29,3127.3,2325.44,801.86,EUR
20250103,16,28,1,1,2,INV431438,1,13.79,196.5,352.76,2356.97,1741.99,614.98,EUR
20240813,18,16,2,11,1,INV151083,3,47.94,164.43,879.25,7003.52,4048.19,2955.33,EUR
20240720,5,1,1,3,2,INV524151,3,45.3,55.34,239.86,2267.04,1568.76,698.28,EUR
20250128,11,10,2,12,1,INV957703,1,46.12,130.06,15.89,5982.48,3746.32,2236.16,EUR
20250827,25,4,1,7,3,INV757095,4,12.87,94.72,75.46,1143.59,606.94,536.65,EUR
20240530,5,17,4,10,3,INV759371,1,19.9,11.7,3.61,229.22,167.75,61.47,EUR
20250324,6,12,1,2,1,INV272689,3,1.11,148.16,6.28,158.18,98.8,59.38,EUR
20240102,17,25,1,3,2,INV273075,5,46.49,127.99,494.61,5455.65,4356.39,1099.26,EUR
20250607,15,21,2,2,1,INV162996,5,20.16,25.19,75.92,431.91,295.91,136.0,EUR
20241029,10,12,1,14,2,INV748520,4,38.38,127.4,796.43,4093.18,2970.57,1122.61,EUR
20250408,33,29,3,3,1,INV164649,1,15.01,62.87,50.9,892.78,515.33,377.45,EUR
20240115,31,8,4,3,1,INV839829,5,45.95,22.87,205.92,844.96,569.2,275.76,EUR
20240622,34,23,3,12,3,INV843112,5,14.39,195.3,370.8,2439.57,1730.29,709.28,EUR
20240806,32,23,2,10,1,INV130109,3,16.41,100.79,155.22,1498.74,1118.42,380.32,EUR
20251018,35,28,2,7,2,INV555657,1,23.98,146.78,70.19,3449.59,2106.64,1342.95,EUR
20240811,39,9,1,6,1,INV909375,3,41.05,53.68,24.54,2179.02,1244.03,934.99,EUR
20250320,2,28,2,9,2,INV904780,5,32.0,127.6,787.1,3296.1,2068.83,1227.27,EUR
20240116,40,14,2,6,2,INV809375,4,45.45,84.63,697.55,3148.88,1883.02,1265.86,EUR
20240324,11,3,1,2,3,INV405097,2,20.08,136.02,207.41,2523.87,1896.78,627.09,EUR
20241019,7,17,1,13,1,INV996118,3,17.92,65.74,118.21,1059.85,842.37,217.48,EUR
20250913,15,11,4,6,1,INV452705,2,40.25,131.77,499.22,4804.52,3055.42,1749.1,EUR
20250827,22,2,4,12,2,INV814923,3,38.9,71.32,497.19,2277.16,1470.48,806.68,EUR
20240915,36,26,3,12,3,INV262224,3,4.73,42.4,13.27,187.28,139.59,47.69,EUR
20250718,19,14,4,13,3,INV986782,1,5.03,103.44,33.78,486.52,268.06,218.46,EUR
20240610,31,19,2,10,2,INV689937,4,17.06,40.8,109.49,586.56,363.21,223.35,EUR
20240917,38,30,1,3,1,INV959761,2,33.57,74.49,19.03,2481.6,1241.49,1240.11,EUR
20250727,17,25,1,6,3,INV849206,1,47.13,63.75,249.29,2755.25,1989.12,766.13,EUR
20250426,21,8,3,2,3,INV311514,5,43.67,81.27,175.79,3373.27,1849.59,1523.68,EUR
20241018,27,3,3,3,3,INV555486,2,2.07,21.31,3.12,40.99,20.77,20.22,EUR
20240908,14,9,4,2,1,INV652819,5,25.41,104.24,237.76,2410.98,1582.53,828.45,EUR
20251028,25,29,3,10,1,INV791023,2,34.89,17.8,12.72,608.32,478.34,129.98,EUR
20240308,31,3,4,1,1,INV312160,2,4.0,164.89,38.5,621.06,326.71,294.35,EUR
20251027,20,8,4,11,2,INV156855,2,34.17,129.79,814.28,3620.64,1904.99,1715.65,EUR
20250427,36,18,1,12,1,INV817386,1,2.54,55.66,11.75,129.63,93.0,36.63,EUR
20250227,32,15,4,8,1,INV994762,4,17.76,191.29,256.48,3140.83,1906.87,1233.96,EUR
20241101,22,20,1,4,2,INV628759,1,31.06,163.13,705.11,4361.71,2445.23,1916.48,EUR
20240423,7,29,1,3,2,INV754586,2,29.14,80.58,110.38,2237.72,1151.97,1085.75,EUR
20250925,9,7,2,4,3,INV186240,2,18.9,151.59,40.02,2825.03,2237.82,587.21,EUR
20250616,21,11,1,8,1,INV250214,4,13.27,92.11,195.64,1026.66,643.49,383.17,EUR
20250129,29,10,1,6,3,INV229285,3,15.98,106.34,148.51,1550.8,825.35,725.45,EUR
20250306,19,18,2,12,2,INV793006,2,23.21,176.96,732.3,3374.94,2146.74,1228.2,EUR
20240225,12,19,3,1,2,INV694317,3,41.43,184.46,527.12,7115.06,4980.61,2134.45,EUR
20240610,15,24,3,9,3,INV316263,4,23.64,31.21,55.22,682.58,378.3,304.28,EUR
20240927,34,25,1,10,3,INV967433,5,47.73,67.03,386.06,2813.28,2209.86,603.42,EUR
20250128,22,20,1,12,3,INV834413,5,14.54,168.88,193.29,2262.23,1809.63,452.6,EUR
20241101,28,9,3,3,1,INV964725,5,1.29,58.99,14.74,61.36,33.81,27.55,EUR
20240608,34,13,4,9,2,INV446275,3,25.19,11.77,4.1,292.39,197.77,94.62,EUR
20250514,39,22,3,13,1,INV231003,3,19.41,188.39,547.48,3109.17,2129.22,979.95,EUR
20240821,28,16,2,13,3,INV460408,1,37.4,182.44,952.09,5871.17,3036.5,2834.67,EUR
20251208,20,22,1,8,2,INV845627,1,41.6,104.1,233.72,4096.84,3093.87,1002.97,EUR
20240213,16,4,4,2,1,INV795858,3,1.62,102.59,20.54,145.66,107.87,37.79,EUR
20240330,25,29,3,6,2,INV439333,2,24.9,64.83,57.85,1556.42,1013.0,543.42,EUR
20251113,13,28,2,13,3,INV891090,4,25.0,180.83,306.01,4214.74,2221.56,1993.18,EUR
20241229,4,14,4,9,3,INV173648,3,18.57,98.94,254.49,1582.83,964.64,618.19,EUR
20250301,27,3,4,7,3,INV710551,3,49.04,117.48,484.61,5276.61,3819.64,1456.97,EUR
20250201,17,14,1,6,3,INV488493,3,6.85,88.53,104.74,501.69,261.64,240.05,EUR
20240731,38,11,4,4,1,INV238096,3,45.41,186.91,867.02,7620.56,4663.46,2957.1,EUR
20250913,26,3,2,2,1,INV772387,4,45.27,95.7,640.39,3691.95,2191.42,1500.53,EUR
20251217,25,19,4,9,2,INV651125,4,28.98,167.18,608.01,4236.87,3377.3,859.57,EUR
20240721,6,19,4,4,1,INV464384,2,25.24,19.68,70.4,426.32,262.87,163.45,EUR
20240706,12,25,3,14,3,INV867321,1,21.68,35.3,0.66,764.64,409.96,354.68,EUR
20250509,19,13,1,2,2,INV509419,2,48.68,153.1,134.86,7318.05,5471.33,1846.72,EUR
20250311,16,15,1,14,3,INV480445,3,12.08,83.78,85.03,927.03,505.21,421.82,EUR
20240716,1,14,2,6,2,INV593302,2,32.42,77.03,227.14,2270.17,1401.78,868.39,EUR
20241023,11,25,3,13,1,INV101957,3,44.11,169.24,1059.96,6405.22,3619.76,2785.46,EUR
20240612,31,7,1,4,1,INV423525,5,9.53,94.45,155.7,744.41,592.62,151.79,EUR
20240730,21,5,2,13,2,INV979810,4,4.96,115.79,79.31,495.01,269.97,225.04,EUR
20240905,35,1,4,14,3,INV837745,5,17.15,136.58,193.51,2148.84,1163.86,984.98,EUR
20240309,36,11,2,11,3,INV167187,1,5.6,186.72,105.09,940.54,492.45,448.09,EUR
20250511,39,1,2,11,2,INV544490,4,20.27,84.53,246.75,1466.67,1004.67,462.0,EUR
20250506,12,17,1,11,1,INV266058,4,47.63,72.01,353.56,3076.28,1848.49,1227.79,EUR
20240716,13,22,4,10,1,INV851960,2,33.72,124.23,827.66,3361.38,1711.82,1649.56,EUR
20240818,32,12,2,6,3,INV821939,2,33.65,30.45,41.16,983.48,701.37,282.11,EUR
20241217,9,28,4,12,2,INV534688,4,41.69,120.59,344.18,4683.22,3484.26,1198.96,EUR
20240912,4,12,4,9,2,INV682430,1,23.35,22.74,74.44,456.54,334.12,122.42,EUR
20241203,10,10,3,13,3,INV732954,1,25.52,40.39,149.09,881.66,693.74,187.92,EUR
20240831,33,17,2,1,3,INV177423,3,6.92,121.55,74.31,766.82,478.57,288.25,EUR
20250811,6,8,4,12,1,INV528038,3,22.58,169.44,105.34,3720.62,2867.36,853.26,EUR
20240619,9,23,4,2,3,INV787354,3,33.17,144.6,540.6,4255.78,3167.92,1087.86,EUR
20240514,37,10,3,10,2,INV298927,3,37.28,70.77,253.41,2384.9,1771.11,613.79,EUR
20250223,26,3,2,9,3,INV985250,4,17.82,74.59,206.54,1122.65,883.51,239.14,EUR
20240204,38,28,1,12,2,INV723208,3,36.29,151.51,566.95,4931.35,2675.23,2256.12,EUR
20240801,37,23,3,13,3,INV893368,2,19.8,12.9,5.98,249.44,183.1,66.34,EUR
20240330,10,21,4,1,2,INV501459,1,28.53,72.16,94.59,1964.13,1002.3,961.83,EUR
20250627,32,18,1,8,1,INV100751,2,2.42,173.0,18.71,399.95,276.03,123.92,EUR
20240807,36,18,1,2,1,INV111960,5,31.27,85.24,254.14,2411.31,1913.5,497.81,EUR
20250329,11,1,2,11,2,INV334404,3,38.94,105.62,811.82,3301.02,2022.21,1278.81,EUR
20250306,31,1,4,11,1,INV707445,1,18.03,135.28,159.02,2280.08,1691.04,589.04,EUR
20240717,38,14,4,8,1,INV433076,3,20.16,95.61,231.7,1695.8,886.51,809.29,EUR
20240914,39,1,3,5,2,INV676456,5,25.26,193.71,703.32,4189.79,2157.84,2031.95,EUR
20241228,34,17,4,9,1,INV160957,2,17.2,196.39,92.28,3285.63,2224.17,1061.46,EUR
20240629,28,27,4,3,2,INV385340,4,39.09,179.97,965.8,6069.23,4060.71,2008.52,EUR
20250612,4,10,1,14,1,INV917449,3,19.92,168.08,407.4,2940.75,1882.24,1058.51,EUR
20240114,3,1,1,10,3,INV158296,1,23.09,108.62,470.6,2037.44,1176.19,861.25,EUR
20250327,15,21,3,12,2,INV396807,2,42.38,153.12,301.07,6188.16,4159.19,2028.97,EUR
20240203,36,20,3,2,1,INV212525,5,27.03,189.8,387.81,4742.48,2467.54,2274.94,EUR
20240812,10,4,2,1,2,INV408064,2,46.69,112.9,266.85,5004.45,3692.71,1311.74,EUR
20240628,23,21,1,2,1,INV711240,1,10.62,77.14,49.19,770.04,557.81,212.23,EUR
20250814,19,6,3,2,1,INV428742,5,22.98,128.72,485.37,2472.62,1263.27,1209.35,EUR
20251130,15,25,2,4,3,INV668581,4,34.29,197.58,527.35,6247.67,3930.17,2317.5,EUR
20251009,25,27,2,14,3,INV649022,5,46.96,180.29,1418.18,7048.24,5414.97,1633.27,EUR
20241113,2,21,2,10,3,INV957846,4,27.96,111.41,178.66,2936.36,2057.61,878.75,EUR
20251030,13,1,1,9,1,INV527260,2,8.89,153.68,181.57,1184.65,817.52,367.13,EUR
20251201,29,23,1,3,2,INV888645,4,12.88,41.7,0.47,536.63,288.02,248.61,EUR
20241112,36,3,3,2,1,INV334108,1,4.81,99.28,39.63,437.91,263.77,174.14,EUR
20250404,26,27,4,8,1,INV721717,2,49.39,158.62,1273.53,6560.71,4379.96,2180.75,EUR
20250913,9,25,1,14,1,INV161945,2,27.0,196.69,471.49,4839.14,3586.52,1252.62,EUR
20241003,3,12,2,4,3,INV976568,1,11.25,12.46,12.28,127.9,84.28,43.62,EUR
20240423,39,28,2,5,3,INV595084,2,19.52,74.9,257.45,1204.6,625.48,579.12,EUR
20250218,19,19,4,8,2,INV831920,3,5.64,151.57,54.09,800.76,509.11,291.65,EUR
20240630,23,15,3,13,2,INV810853,5,27.06,196.79,344.15,4980.99,3566.84,1414.15,EUR
20251101,39,19,1,12,1,INV956028,5,18.9,29.8,104.25,458.97,342.24,116.73,EUR
20241118,28,16,2,13,1,INV669844,3,4.65,97.39,25.98,426.88,267.29,159.59,EUR
20240207,24,2,4,13,3,INV109694,5,27.69,105.76,122.71,2805.78,1459.88,1345.9,EUR
20250819,15,9,4,6,3,INV163472,2,38.21,70.81,515.74,2189.91,1128.87,1061.04,EUR
20251002,20,24,3,7,1,INV821578,2,42.85,157.71,781.32,5976.55,3426.13,2550.42,EUR
20250930,24,5,3,13,2,INV574030,1,17.61,70.19,217.7,1018.35,612.2,406.15,EUR
20250426,34,21,2,7,1,INV661422,5,1.37,131.57,28.99,151.26,119.26,32.0,EUR
20251124,10,15,1,7,1,INV797400,5,37.62,84.04,101.62,3059.96,2383.41,676.55,EUR
20250607,25,19,4,12,2,INV604786,4,36.44,44.17,287.23,1322.32,746.69,575.63,EUR
20250425,2,7,3,11,2,INV592394,5,38.11,152.9,810.03,5016.99,3130.41,1886.58,EUR
20240408,37,28,2,2,3,INV262547,2,36.47,190.77,125.62,6831.76,5043.59,1788.17,EUR
20240628,15,5,1,14,2,INV294437,3,12.79,120.16,266.66,1270.19,671.22,598.97,EUR
20250528,24,9,3,6,2,INV167553,5,31.03,70.48,392.58,1794.41,1375.14,419.27,EUR
20240901,6,9,1,1,1,INV464019,4,12.01,48.57,106.73,476.6,310.52,166.08,EUR
20250317,31,7,3,11,2,INV742119,1,16.11,94.89,248.66,1280.02,849.93,430.09,EUR
20250124,24,15,1,7,3,INV712592,4,33.06,27.55,26.92,883.88,637.93,245.95,EUR
20250110,4,17,4,3,3,INV527591,5,16.37,65.51,134.07,938.33,553.07,385.26,EUR
20250130,4,22,2,4,1,INV704629,2,42.7,113.43,171.55,4671.91,3174.07,1497.84,EUR
20251028,19,13,4,11,1,INV512018,2,4.82,48.45,0.77,232.76,155.07,77.69,EUR
20250131,3,4,4,3,3,INV513276,2,26.19,12.71,62.89,269.98,191.77,78.21,EUR
20250218,20,20,1,9,2,INV920919,4,14.78,25.34,6.76,367.77,272.92,94.85,EUR
20240902,17,28,2,14,3,INV136248,2,47.2,21.6,193.86,825.66,437.08,388.58,EUR
20250225,16,25,4,7,1,INV888254,2,26.68,78.94,134.01,1972.11,1028.87,943.24,EUR
20240103,35,21,3,8,3,INV994997,4,8.46,180.06,107.24,1416.07,1032.52,383.55,EUR
20240416,1,17,3,9,2,INV183675,1,19.75,196.66,322.04,3561.99,1827.76,1734.23,EUR
20251106,4,6,4,1,2,INV539184,5,1.86,29.74,2.9,52.42,36.59,15.83,EUR
20240723,33,27,1,14,3,INV498180,2,45.17,62.72,546.44,2286.62,1428.96,857.66,EUR
20251003,32,18,3,6,2,INV331576,2,45.55,91.81,46.82,4135.13,2288.01,1847.12,EUR
20251130,18,5,2,13,3,INV700032,2,17.98,151.08,460.24,2256.18,1137.56,1118.62,EUR
20240319,5,21,1,11,2,INV892670,2,31.21,81.22,85.64,2449.24,1710.47,738.77,EUR
20240127,23,21,1,14,2,INV554789,4,5.62,112.77,29.66,604.11,342.36,261.75,EUR
20240722,8,16,1,5,2,INV702837,3,18.48,149.75,36.52,2730.86,1826.6,904.26,EUR
20250719,11,10,2,3,1,INV960555,2,25.87,137.58,390.71,3168.48,1923.14,1245.34,EUR
20251031,12,2,3,3,1,INV985777,4,43.77,114.03,119.98,4871.11,3627.05,1244.06,EUR
20250303,39,14,2,6,1,INV992377,3,38.2,100.67,175.34,3670.25,2619.59,1050.66,EUR
20241012,39,3,2,10,2,INV350200,1,13.11,193.2,380.13,2152.72,1312.32,840.4,EUR
20240621,32,9,4,14,1,INV926620,2,28.5,106.11,170.39,2853.74,1467.34,1386.4,EUR
20251126,15,16,4,6,2,INV320711,5,29.62,60.54,302.32,1490.87,996.86,494.01,EUR
20241230,34,1,2,4,1,INV648129,4,32.39,166.01,309.16,5067.9,3159.53,1908.37,EUR
20240908,9,19,1,9,2,INV951588,1,17.3,20.87,59.93,301.12,235.24,65.88,EUR
20250607,32,22,1,6,3,INV129078,3,6.78,33.8,9.69,219.47,141.88,77.59,EUR
20240417,4,20,1,8,2,INV402975,3,24.06,141.27,386.12,3012.84,2131.72,881.12,EUR
20250427,8,16,3,14,3,INV110365,1,10.82,58.68,50.09,584.83,411.65,173.18,EUR
20250531,18,30,4,6,3,INV610408,2,24.46,158.34,463.89,3409.11,2118.62,1290.49,EUR
20240106,29,5,2,7,2,INV865052,1,38.61,171.73,1054.15,5576.35,3228.68,2347.67,EUR
20240531,1,18,1,9,1,INV302333,4,26.32,50.03,168.39,1148.4,696.71,451.69,EUR
20240515,35,22,3,1,2,INV326434,5,13.11,79.35,83.67,956.61,517.54,439.07,EUR
20250914,22,16,4,6,1,INV823455,4,21.52,65.04,156.46,1243.2,640.74,602.46,EUR
20251113,7,14,2,7,2,INV648656,1,23.54,38.4,150.82,753.12,501.61,251.51,EUR
20240911,22,8,4,7,2,INV264345,5,41.67,189.89,364.04,7548.68,5163.17,2385.51,EUR
20240112,14,20,3,4,3,INV484507,2,37.28,177.67,526.08,6097.46,4003.44,2094.02,EUR
20250704,23,7,2,10,3,INV977325,4,44.1,65.15,497.09,2376.03,1254.3,1121.73,EUR
20240917,40,26,4,14,3,INV419375,4,48.94,61.74,295.78,2725.78,1912.38,813.4,EUR
20251031,29,28,4,1,2,INV897810,5,47.69,17.57,164.72,673.19,429.26,243.93,EUR
20240310,39,10,3,14,2,INV452732,5,24.48,95.64,285.45,2055.82,1085.94,969.88,EUR
20240202,13,25,3,1,2,INV592979,2,45.52,86.28,710.04,3217.43,2312.66,904.77,EUR
20240408,4,17,1,5,1,INV840044,4,48.35,69.62,420.7,2945.43,1718.29,1227.14,EUR
20240807,3,16,2,13,1,INV817963,5,33.35,106.19,468.71,3072.73,2275.55,797.18,EUR
20251124,28,30,1,7,2,INV630894,4,9.87,87.93,53.5,814.37,424.32,390.05,EUR
20240202,17,18,3,8,3,INV848553,4,23.01,183.45,794.33,3426.85,2109.26,1317.59,EUR
20250503,11,18,1,9,1,INV981869,5,42.16,41.59,172.03,1581.4,1057.42,523.98,EUR
20251018,35,17,3,11,1,INV370799,5,47.81,120.67,720.6,5048.63,3136.72,1911.91,EUR
20251015,34,10,1,12,3,INV464563,5,39.14,176.38,266.89,6636.62,4738.41,1898.21,EUR
20240304,18,7,4,7,1,INV230001,5,16.72,117.44,381.31,1582.29,801.49,780.8,EUR
20240506,28,25,3,5,3,INV844474,1,14.28,68.03,0.93,970.54,702.58,267.96,EUR
20241005,3,26,4,6,2,INV147328,2,12.68,173.68,54.19,2148.07,1542.26,605.81,EUR
20241115,3,15,4,3,3,INV531094,5,37.29,43.53,182.39,1440.84,1006.45,434.39,EUR
20241204,20,5,4,4,3,INV380366,3,49.75,145.12,831.31,6388.41,4614.06,1774.35,EUR
20240601,24,4,4,12,1,INV951913,4,20.99,166.56,224.94,3271.15,1906.29,1364.86,EUR
20250110,33,29,4,14,3,INV836358,2,47.78,102.02,65.25,4809.27,2490.97,2318.3,EUR
20251218,21,7,2,6,3,INV848627,5,3.7,91.73,54.75,284.65,181.57,103.08,EUR
20250725,21,7,4,1,3,INV212007,4,15.18,52.64,3.2,795.88,412.57,383.31,EUR
20240610,23,13,1,1,2,INV226791,2,45.12,87.71,314.1,3643.38,2361.86,1281.52,EUR
20241226,10,16,1,8,1,INV263315,4,29.21,144.26,580.27,3633.56,1928.61,1704.95,EUR
20250316,14,24,3,1,2,INV935460,3,9.74,142.3,43.6,1342.4,961.44,380.96,EUR
20240125,19,7,1,8,3,INV526982,4,20.48,187.26,128.82,3706.26,2835.84,870.42,EUR
20240205,10,24,3,5,1,INV175353,4,32.38,198.35,738.02,5684.55,3385.55,2299.0,EUR
20241112,27,9,4,3,2,INV538872,1,41.48,82.95,321.64,3119.13,2393.62,725.51,EUR
20240610,3,22,2,7,3,INV122484,4,34.99,30.42,151.15,913.25,649.21,264.04,EUR
20240203,12,13,1,4,2,INV130945,5,43.67,99.54,81.37,4265.54,2305.61,1959.93,EUR
20251119,4,27,4,7,2,INV556578,4,48.54,64.43,2.66,3124.77,1782.04,1342.73,EUR
20251012,12,9,2,11,3,INV219453,4,48.91,62.73,205.53,2862.59,2033.53,829.06,EUR
20250527,28,30,1,8,3,INV797858,1,18.92,179.0,162.4,3224.28,2547.52,676.76,EUR
20240202,22,15,2,3,1,INV334438,4,39.01,94.28,410.39,3267.47,2550.63,716.84,EUR
20251031,36,13,3,6,2,INV972581,3,7.54,30.94,5.56,227.73,143.96,83.77,EUR
20241222,24,16,1,6,1,INV753152,3,2.77,85.71,23.4,214.02,158.24,55.78,EUR
20241023,6,5,2,6,3,INV715177,5,42.03,193.79,889.7,7255.29,4572.32,2682.97,EUR
20240626,21,18,4,10,1,INV518557,2,16.37,14.74,18.48,222.81,123.91,98.9,EUR
20251112,23,3,3,2,2,INV939215,5,43.76,94.88,790.63,3361.32,1756.85,1604.47,EUR
20250822,13,16,3,10,2,INV328463,1,41.92,42.81,288.07,1506.53,873.99,632.54,EUR
20240914,22,17,1,11,1,INV754743,4,21.73,40.31,34.57,841.37,488.54,352.83,EUR
20240401,26,9,4,2,2,INV255920,4,38.73,57.17,359.77,1854.42,998.15,856.27,EUR
20251122,17,29,4,1,3,INV809369,5,5.64,198.02,23.95,1092.88,719.56,373.32,EUR
20240420,11,19,4,2,3,INV685493,5,14.35,157.13,250.54,2004.28,1531.1,473.18,EUR
20251105,17,8,4,13,2,INV680704,1,40.67,179.91,754.12,6562.82,4241.29,2321.53,EUR
20250907,16,1,1,9,1,INV439351,5,27.55,122.63,589.62,2788.84,1670.26,1118.58,EUR
20251101,33,2,1,5,1,INV301945,2,14.85,169.48,171.1,2345.68,1196.3,1149.38,EUR
20240425,4,11,4,12,1,INV457852,5,36.31,134.89,793.8,4104.06,2780.06,1324.0,EUR
20240208,12,4,2,2,1,INV530893,4,28.85,89.42,459.05,2120.72,1671.64,449.08,EUR
20240317,11,30,3,7,2,INV969751,4,39.01,37.4,33.48,1425.49,1014.52,410.97,EUR
20241221,37,17,2,7,1,INV154079,4,41.09,60.82,254.53,2244.56,1499.37,745.19,EUR
20240926,38,29,3,10,1,INV988390,2,20.05,173.78,103.58,3380.71,1938.52,1442.19,EUR
20240321,17,24,4,6,2,INV820212,3,25.28,181.29,109.98,4473.03,2799.54,1673.49,EUR
20241228,32,28,1,4,1,INV399273,5,31.56,171.38,327.99,5080.76,3953.52,1127.24,EUR
20250806,26,10,1,7,2,INV468794,1,26.89,37.39,145.61,859.81,670.33,189.48,EUR
20241126,13,26,2,13,1,INV988164,2,2.13,199.27,84.31,340.14,261.23,78.91,EUR
20250719,32,13,3,2,1,INV533293,1,44.74,137.21,697.99,5440.79,4050.25,1390.54,EUR
20250106,32,9,3,9,2,INV224329,5,37.55,140.69,903.63,4379.28,2452.5,1926.78,EUR
20240908,20,29,1,9,1,INV486917,3,32.04,185.85,1000.85,4953.78,3480.52,1473.26,EUR
20250430,33,17,3,10,3,INV634717,1,29.89,12.88,47.12,337.86,206.73,131.13,EUR
20250919,13,6,3,11,3,INV534935,2,47.64,92.76,144.27,4274.82,2445.19,1829.63,EUR
20250705,16,3,2,8,2,INV341902,3,7.02,49.11,50.99,293.76,208.9,84.86,EUR
20241218,22,21,4,14,3,INV961081,1,8.89,192.76,318.16,1395.48,1053.67,341.81,EUR
20240517,33,1,1,14,2,INV621282,1,34.22,15.08,13.41,502.63,295.98,206.65,EUR
20240119,9,24,4,11,3,INV400169,3,23.29,157.62,489.67,3181.3,1855.56,1325.74,EUR
20251019,19,23,2,10,1,INV132139,2,10.13,55.28,78.42,481.57,360.26,121.31,EUR
20250317,28,15,1,7,2,INV770806,4,48.03,58.83,272.43,2553.17,1762.77,790.4,EUR
20240222,7,3,1,5,1,INV678084,2,25.96,56.91,138.36,1339.02,893.59,445.43,EUR
20250207,2,26,1,11,3,INV568677,4,35.87,159.31,860.52,4853.93,3365.25,1488.68,EUR
20240711,19,5,2,6,1,INV720204,2,47.12,34.64,86.08,1546.16,940.1,606.06,EUR
20250519,31,15,2,8,2,INV364507,3,22.85,74.42,56.07,1644.43,874.83,769.6,EUR
20250617,34,29,3,3,1,INV204655,3,26.79,92.08,17.19,2449.63,1747.3,702.33,EUR
20240713,34,8,4,12,3,INV612949,5,41.78,175.9,259.2,7089.9,5212.01,1877.89,EUR
20251114,19,15,3,12,3,INV825556,5,38.82,56.85,292.81,1914.11,1411.62,502.49,EUR
20241114,29,25,4,1,2,INV704219,2,34.44,43.76,102.58,1404.51,757.37,647.14,EUR
20251016,4,5,3,5,2,INV185158,4,35.92,143.77,489.78,4674.44,3669.79,1004.65,EUR
20250225,29,21,4,9,3,INV931632,1,26.47,154.73,423.32,3672.38,2314.9,1357.48,EUR
20250228,6,28,2,14,3,INV441382,5,36.21,158.25,375.94,5354.29,3938.38,1415.91,EUR
20240518,5,4,3,12,2,INV281316,2,47.69,73.12,439.63,3047.46,1603.62,1443.84,EUR
20241014,30,7,4,8,3,INV543044,2,20.65,47.37,179.06,799.13,539.43,259.7,EUR
20241227,19,25,4,11,2,INV697889,1,35.69,115.25,519.64,3593.63,2670.16,923.47,EUR
20240518,2,2,1,1,1,INV202149,3,9.72,165.23,214.5,1391.54,944.64,446.9,EUR
20250208,12,11,1,6,2,INV439070,5,17.67,58.14,119.72,907.61,659.31,248.3,EUR
20240213,37,23,4,8,1,INV763189,1,33.53,11.51,55.05,330.88,228.09,102.79,EUR
20241227,33,23,4,3,2,INV264234,2,24.7,137.94,436.87,2970.25,2266.21,704.04,EUR
20251209,38,13,4,6,3,INV791252,2,31.34,165.06,205.24,4967.74,2550.75,2416.99,EUR
20241219,8,15,1,10,2,INV262831,3,4.13,133.98,95.69,457.65,263.98,193.67,EUR
20240828,21,8,4,8,2,INV808326,4,34.31,104.56,152.59,3434.86,2648.14,786.72,EUR
20240513,25,26,3,9,2,INV438344,1,11.13,23.22,15.48,242.96,168.64,74.32,EUR
20250324,39,3,3,1,2,INV600572,1,31.85,140.29,162.94,4305.3,2811.37,1493.93,EUR
20250226,6,22,1,8,2,INV513482,4,44.48,196.08,1054.01,7667.63,4978.29,2689.34,EUR
20251115,18,16,2,13,3,INV194479,4,6.87,187.79,74.78,1215.34,691.62,523.72,EUR
20250203,28,17,2,13,3,INV152866,2,8.53,153.86,101.54,1210.89,964.69,246.2,EUR
20250809,24,23,2,6,2,INV657862,4,36.65,179.0,642.42,5917.93,3527.4,2390.53,EUR
20240111,31,18,1,12,1,INV793304,4,9.62,140.83,176.79,1177.99,694.14,483.85,EUR
20250417,25,9,4,12,3,INV175472,2,34.31,26.75,111.86,805.93,557.46,248.47,EUR
20250914,14,22,4,11,1,INV212529,5,20.35,173.52,647.28,2883.85,1730.67,1153.18,EUR
20251215,20,9,2,10,1,INV711391,3,4.12,124.98,34.69,480.23,368.15,112.08,EUR
20250214,14,1,1,11,2,INV310608,4,8.11,185.86,238.92,1268.4,654.68,613.72,EUR
20251126,5,13,3,1,2,INV635211,4,43.64,193.36,1366.68,7071.55,5332.35,1739.2,EUR
20240226,20,27,1,2,1,INV876885,3,38.49,179.48,269.99,6638.2,5175.52,1462.68,EUR
20250502,16,20,4,6,1,INV606179,2,38.51,123.18,550.97,4192.69,2780.75,1411.94,EUR
20250327,30,16,1,6,2,INV412684,5,30.04,145.7,32.33,4344.5,2288.47,2056.03,EUR
20240705,38,30,4,10,3,INV200767,3,15.33,114.33,341.41,1411.27,1103.94,307.33,EUR
20240110,4,22,2,10,1,INV327426,1,11.4,34.45,40.0,352.73,197.0,155.73,EUR
20240925,27,1,2,2,1,INV555667,5,42.37,64.55,196.76,2538.22,1636.16,902.06,EUR
20251210,9,24,1,9,2,INV281174,3,4.09,122.18,79.6,420.12,304.95,115.17,EUR
20250429,28,22,3,6,3,INV729181,2,8.6,141.62,88.06,1129.87,608.88,520.99,EUR
20250713,21,18,4,11,1,INV558415,2,1.28,136.71,26.87,148.12,98.36,49.76,EUR
20251231,12,20,2,13,1,INV474147,2,27.62,93.38,315.93,2263.23,1202.14,1061.09,EUR
20240717,23,26,4,5,2,INV264258,4,26.79,68.86,272.11,1572.65,911.86,660.79,EUR
20241010,24,11,1,8,3,INV258220,5,13.02,154.06,370.4,1635.46,878.03,757.43,EUR
20250717,23,24,1,9,3,INV151503,5,24.53,86.59,131.9,1992.15,1555.2,436.95,EUR
20241225,2,24,3,9,1,INV782109,1,16.68,12.0,0.06,200.1,154.35,45.75,EUR
20250723,27,16,4,13,2,INV365959,4,22.33,121.77,242.84,2476.28,1840.86,635.42,EUR
20250715,28,13,2,14,2,INV923977,3,20.04,72.79,273.08,1185.63,676.04,509.59,EUR
20250330,29,9,4,4,1,INV602804,5,44.81,38.1,270.84,1436.42,1119.56,316.86,EUR
20250316,11,17,1,10,1,INV461683,1,9.88,102.14,41.73,967.41,740.86,226.55,EUR
20250525,16,10,3,1,2,INV272584,1,30.41,11.65,64.36,289.92,145.3,144.62,EUR
20250429,9,25,4,1,3,INV601430,5,21.93,123.08,145.58,2553.56,2004.14,549.42,EUR
20250513,29,8,4,7,1,INV699932,5,37.8,187.8,824.32,6274.52,4278.91,1995.61,EUR
20240405,29,25,3,8,3,INV343108,4,22.36,48.95,96.59,997.93,657.25,340.68,EUR
20241224,34,15,3,9,3,INV724528,3,45.25,175.7,719.8,7230.62,4146.2,3084.42,EUR
20251008,40,18,3,5,2,INV931149,5,46.7,22.26,90.47,949.07,714.91,234.16,EUR
20241123,12,11,4,5,2,INV599888,4,14.61,93.33,43.04,1320.51,716.35,604.16,EUR
20250603,18,17,4,8,2,INV502116,1,39.49,184.32,118.47,7160.33,4757.93,2402.4,EUR
20250730,34,16,3,6,2,INV721414,5,42.57,51.98,323.28,1889.51,1406.16,483.35,EUR
20240211,2,30,1,6,3,INV112892,3,15.05,150.49,198.47,2066.4,1268.64,797.76,EUR
20250717,24,10,1,6,3,INV694831,1,29.01,62.68,336.6,1481.75,869.99,611.76,EUR
20240508,31,4,2,4,3,INV345673,2,46.95,182.95,1330.99,7258.51,5290.73,1967.78,EUR
20241210,16,7,3,13,1,INV848348,3,31.01,99.74,576.96,2515.98,1877.8,638.18,EUR
20251117,35,1,4,13,1,INV628240,2,36.78,32.81,97.35,1109.4,554.73,554.67,EUR
20250516,36,16,3,11,2,INV628741,5,8.17,143.3,111.48,1059.28,590.13,469.15,EUR
20250311,16,2,4,8,1,INV709269,5,36.51,174.85,1079.55,5304.22,3307.58,1996.64,EUR
20250805,32,22,4,9,2,INV451248,1,39.76,153.28,836.3,5258.11,3090.2,2167.91,EUR
20250107,3,15,2,10,2,INV264708,5,44.84,148.57,1293.44,5368.44,3876.68,1491.76,EUR
20251203,6,1,4,10,1,INV845191,2,34.8,38.04,94.17,1229.62,780.31,449.31,EUR
20240611,23,10,4,4,1,INV448721,5,15.91,24.9,27.83,368.33,239.4,128.93,EUR
20240310,30,15,3,4,3,INV677918,4,9.06,162.29,92.85,1377.5,726.17,651.33,EUR
20250827,36,15,1,9,3,INV625141,3,1.35,72.57,6.18,91.79,51.42,40.37,EUR
20250717,1,12,2,12,2,INV455185,5,31.71,36.97,122.29,1050.03,799.21,250.82,EUR
20250114,3,25,4,12,3,INV125202,3,5.02,46.08,2.1,229.22,156.28,72.94,EUR
20250404,12,3,2,9,1,INV432998,4,27.83,115.03,500.29,2700.99,2021.38,679.61,EUR
20240706,31,28,3,4,2,INV696809,5,38.77,31.21,236.81,973.2,698.28,274.92,EUR
20240623,20,3,2,8,1,INV602732,2,1.12,178.41,27.51,172.31,115.43,56.88,EUR
20250625,24,17,2,1,2,INV686434,3,34.49,105.35,710.56,2922.96,1834.2,1088.76,EUR
20250612,8,14,4,3,1,INV661753,4,21.85,136.67,27.43,2958.81,1833.65,1125.16,EUR
20250507,24,30,3,10,2,INV570708,2,37.02,153.15,370.96,5298.65,2809.05,2489.6,EUR
20240104,21,24,4,8,3,INV237194,3,48.88,65.8,115.04,3101.26,2191.14,910.12,EUR
20250629,40,24,1,1,3,INV666838,3,40.49,110.43,135.26,4336.05,2613.7,1722.35,EUR
20250530,19,25,3,13,2,INV759851,2,3.28,14.04,2.65,43.4,23.19,20.21,EUR
20241020,6,12,1,13,2,INV870852,3,29.41,32.22,71.82,875.77,575.29,300.48,EUR
20240501,28,25,1,2,2,INV766068,3,31.85,194.15,110.48,6073.2,4217.05,1856.15,EUR
20240118,18,15,3,1,1,INV143443,3,17.45,67.17,222.46,949.66,632.59,317.07,EUR
20240521,9,21,4,1,2,INV698400,5,34.41,186.1,492.35,5911.35,4032.1,1879.25,EUR
20241111,40,8,3,7,3,INV465202,5,47.33,184.86,394.19,8355.23,5820.46,2534.77,EUR
20240804,36,7,4,5,2,INV246910,2,15.92,71.79,116.57,1026.33,742.18,284.15,EUR
20250511,3,17,2,4,2,INV167760,3,43.69,136.9,311.78,5669.38,3934.95,1734.43,EUR
20250919,27,13,2,11,3,INV136928,1,36.75,59.37,92.39,2089.46,1613.39,476.07,EUR
20251228,36,1,3,12,3,INV676860,5,40.15,89.25,452.92,3130.47,2356.15,774.32,EUR
20240416,20,1,4,2,3,INV558783,1,28.67,105.37,270.57,2750.39,1435.85,1314.54,EUR
20240115,38,17,1,7,2,INV659209,5,6.03,179.73,49.82,1033.95,711.37,322.58,EUR
20241028,25,20,1,11,1,INV676209,1,18.88,29.22,27.85,523.82,302.94,220.88,EUR
20250222,25,5,3,8,1,INV217128,2,43.44,51.62,48.44,2193.93,1387.47,806.46,EUR
20250830,33,15,4,3,1,INV924843,5,18.38,104.65,286.83,1636.64,1105.24,531.4,EUR
20241112,32,9,3,1,3,INV162838,5,32.73,127.21,375.85,3787.73,2423.67,1364.06,EUR
20240825,15,3,3,13,2,INV198616,4,2.8,62.77,13.45,162.31,127.11,35.2,EUR
20240325,17,27,3,8,1,INV537667,3,2.81,60.33,25.97,143.56,87.71,55.85,EUR
20250316,17,10,3,11,3,INV624524,2,30.38,160.39,719.73,4152.92,2432.54,1720.38,EUR
20250112,17,3,1,14,1,INV865768,4,28.33,58.32,167.2,1485.01,1111.6,373.41,EUR
20240518,2,20,2,13,3,INV947222,2,22.77,122.9,521.02,2277.41,1641.52,635.89,EUR
20241115,12,27,4,11,2,INV102548,4,14.78,138.42,127.25,1918.6,1109.83,808.77,EUR
20241003,1,26,2,7,3,INV229996,2,18.26,63.66,75.69,1086.74,654.7,432.04,EUR
20240329,36,7,2,14,2,INV854840,2,41.72,49.49,105.64,1959.08,1051.76,907.32,EUR
20251205,24,12,1,14,1,INV703601,3,14.39,35.18,97.98,408.26,248.47,159.79,EUR
20240524,31,11,1,6,2,INV667455,5,32.29,107.01,189.26,3266.09,2492.17,773.92,EUR
20240625,1,15,2,8,1,INV258646,4,10.22,68.3,96.64,601.39,333.95,267.44,EUR
20250925,14,16,1,12,1,INV258802,4,24.02,95.75,112.16,2187.76,1670.4,517.36,EUR
20240508,29,15,4,8,2,INV555519,5,17.45,106.26,188.65,1665.59,894.57,771.02,EUR
20251011,19,25,4,9,2,INV771261,4,37.88,120.88,138.33,4440.6,2986.54,1454.06,EUR
20241001,39,20,2,13,1,INV311030,4,24.96,131.07,323.82,2947.69,2347.71,599.98,EUR
20250216,27,17,3,12,3,INV104799,3,12.27,133.34,293.7,1342.38,931.41,410.97,EUR
20240802,12,2,2,2,2,INV229438,2,43.84,101.9,533.28,3934.02,2370.1,1563.92,EUR
20241105,3,30,2,9,3,INV659951,2,10.28,29.34,19.24,282.38,223.6,58.78,EUR
20240408,33,1,1,7,2,INV393126,5,41.07,39.93,138.86,1501.07,992.69,508.38,EUR
20240502,39,8,3,4,1,INV215708,3,14.53,178.21,463.03,2126.36,1422.56,703.8,EUR
20250711,7,12,4,4,2,INV948423,1,43.15,120.16,87.58,5097.32,3578.96,1518.36,EUR
20250312,1,17,4,14,1,INV347128,4,18.31,65.04,9.02,1181.86,640.98,540.88,EUR
20251030,12,26,2,5,2,INV679018,5,7.46,187.29,268.04,1129.14,600.06,529.08,EUR
20250717,10,28,4,11,1,INV930550,2,17.53,191.54,84.19,3273.51,1696.02,1577.49,EUR
20241023,3,3,3,14,2,INV985367,5,44.61,104.32,606.48,4047.24,2502.83,1544.41,EUR
20251227,40,29,1,1,3,INV741504,4,32.49,44.95,279.24,1181.19,778.75,402.44,EUR
20250304,24,2,2,7,3,INV197457,4,28.3,163.81,864.91,3770.91,2014.09,1756.82,EUR
20240212,29,8,4,4,1,INV650978,4,5.06,63.31,12.67,307.68,155.49,152.19,EUR
20250925,1,20,2,1,1,INV457867,4,9.68,161.26,150.6,1410.4,972.82,437.58,EUR
20251029,19,16,3,9,2,INV785010,4,31.56,146.09,777.45,3833.15,2624.99,1208.16,EUR
20240305,15,6,4,4,3,INV222897,3,47.02,39.01,287.86,1546.39,869.32,677.07,EUR
20240518,37,15,2,13,2,INV368353,1,6.49,122.61,135.83,659.91,379.21,280.7,EUR
20251201,19,16,3,5,1,INV772015,1,25.79,86.35,138.64,2088.33,1420.16,668.17,EUR
20250410,35,2,1,8,3,INV971529,5,9.51,196.64,281.82,1588.23,897.36,690.87,EUR
20250224,39,27,2,8,2,INV476937,3,32.77,63.23,380.48,1691.57,1121.93,569.64,EUR
20250706,32,12,1,1,3,INV624079,4,48.5,127.24,66.91,6104.23,3396.92,2707.31,EUR
20250330,10,4,1,13,1,INV903088,3,49.58,144.26,3.38,7149.03,3988.33,3160.7,EUR
20240830,8,26,3,11,2,INV708893,4,13.97,31.95,7.44,438.9,272.87,166.03,EUR
20240402,40,22,2,4,2,INV294607,1,42.61,92.61,778.34,3167.77,2353.13,814.64,EUR
20250127,4,22,2,2,2,INV879344,3,7.39,83.4,103.28,513.05,291.42,221.63,EUR
20240429,25,4,3,1,3,INV263749,2,6.16,22.12,2.34,133.92,84.99,48.93,EUR
20250908,38,10,3,8,3,INV362195,1,17.39,30.93,71.63,466.24,313.22,153.02,EUR
20240130,36,3,1,1,2,INV533134,4,40.1,54.22,155.72,2018.5,1495.25,523.25,EUR
20240819,24,20,3,2,2,INV938624,4,12.69,44.6,12.39,553.58,385.1,168.48,EUR
20240129,10,23,2,13,3,INV921436,4,24.47,28.58,55.51,643.84,384.99,258.85,EUR
20250309,2,6,3,10,1,INV302657,3,44.3,93.66,238.62,3910.52,2734.58,1175.94,EUR
20250816,3,12,4,2,2,INV453507,2,8.41,145.54,211.44,1012.55,695.84,316.71,EUR
20250924,32,23,3,3,2,INV227949,3,26.82,189.34,530.8,4547.3,3232.87,1314.43,EUR
20250620,39,26,1,7,3,INV680741,2,5.83,194.45,71.93,1061.71,835.7,226.01,EUR
20240405,5,9,2,12,2,INV221644,2,15.35,163.13,156.13,2347.92,1430.54,917.38,EUR
20241108,27,15,2,2,3,INV313795,4,4.64,150.8,125.35,574.36,439.63,134.73,EUR
20240927,6,19,1,11,2,INV521828,5,16.74,181.89,193.33,2851.51,1471.53,1379.98,EUR
20241226,31,24,1,4,2,INV107801,1,32.83,161.06,986.81,4300.79,2670.77,1630.02,EUR
20240401,30,1,4,2,1,INV781837,1,6.55,137.7,81.52,820.41,541.21,279.2,EUR
20240402,34,21,1,8,1,INV131051,2,48.28,99.32,365.09,4430.08,3484.28,945.8,EUR
20250308,17,1,1,2,3,INV166925,3,15.25,34.68,42.18,486.69,251.7,234.99,EUR
20250324,36,27,2,14,2,INV178769,1,21.64,63.23,74.23,1294.07,914.33,379.74,EUR
20241106,5,27,1,5,2,INV432507,3,33.29,189.1,181.92,6113.22,4724.74,1388.48,EUR
20250624,10,5,2,14,1,INV775514,4,44.83,177.64,201.15,7762.45,4051.89,3710.56,EUR
20240322,28,30,3,7,1,INV335212,5,40.53,188.87,1238.48,6416.42,3396.46,3019.96,EUR
20251219,22,20,2,4,2,INV822935,4,20.15,37.9,129.14,634.54,411.55,222.99,EUR
20250310,17,11,2,13,1,INV203336,4,37.85,61.36,368.12,1954.36,982.78,971.58,EUR
20240204,21,21,3,2,1,INV824597,2,24.31,199.89,634.88,4224.45,3292.56,931.89,EUR
20251019,19,21,4,12,1,INV763472,1,38.09,12.26,46.36,420.62,285.85,134.77,EUR
20251201,3,21,4,9,2,INV704611,3,23.19,81.39,42.08,1845.35,1365.96,479.39,EUR
20250623,15,1,3,2,3,INV806404,3,32.07,193.71,793.59,5418.69,3503.38,1915.31,EUR
20250525,16,8,3,12,1,INV489146,5,23.97,92.08,266.18,1940.98,990.54,950.44,EUR
20251111,28,17,3,3,2,INV977325,2,4.75,163.64,109.19,668.1,493.8,174.3,EUR
20241123,4,9,1,13,3,INV324674,4,1.91,183.27,8.09,341.96,204.57,137.39,EUR
20250211,36,19,4,5,3,INV118716,5,18.56,117.29,142.61,2034.29,1497.95,536.34,EUR
20241228,3,20,3,8,3,INV260601,5,4.3,60.71,38.11,222.94,137.59,85.35,EUR
20250601,4,13,2,12,3,INV735021,2,15.11,90.94,174.63,1199.47,632.26,567.21,EUR
20241220,18,2,4,3,3,INV611671,5,32.66,179.57,30.41,5834.35,4627.35,1207.0,EUR
20251102,4,13,2,2,1,INV257383,1,23.56,120.69,342.74,2500.72,1909.2,591.52,EUR
20240601,11,7,2,2,1,INV445320,4,24.82,36.03,0.41,893.85,631.99,261.86,EUR
20240807,34,28,3,13,2,INV229275,4,9.57,97.49,21.67,911.31,719.46,191.85,EUR
20240404,13,9,2,8,3,INV842803,4,10.24,48.29,64.34,430.15,245.08,185.07,EUR
20250516,17,6,1,11,2,INV857522,2,1.58,58.0,0.64,91.0,61.71,29.29,EUR
20250507,17,4,3,11,3,INV577462,1,31.26,127.12,114.03,3859.74,1988.25,1871.49,EUR
20251109,22,19,2,11,2,INV337214,1,43.31,119.19,370.53,4791.59,3615.33,1176.26,EUR
20251201,36,16,4,10,3,INV736357,2,20.37,137.57,102.08,2700.22,1520.92,1179.3,EUR
20250822,23,15,2,4,3,INV856715,1,21.69,139.39,546.91,2476.46,1333.07,1143.39,EUR
20240601,6,8,3,2,1,INV791750,1,12.73,49.42,13.45,615.67,395.65,220.02,EUR
20240711,24,25,1,3,2,INV524679,5,14.67,109.8,250.05,1360.72,798.07,562.65,EUR
20240416,11,7,2,14,3,INV232227,2,12.18,42.32,3.44,512.02,330.37,181.65,EUR
20240912,34,25,3,12,2,INV162111,5,15.92,121.11,321.51,1606.56,923.07,683.49,EUR
20240113,34,12,4,9,1,INV603028,5,9.3,52.79,96.96,393.99,247.14,146.85,EUR
20250721,12,5,4,11,1,INV640923,1,31.25,163.84,214.16,4905.84,2552.42,2353.42,EUR
20240419,40,8,1,8,3,INV416246,3,36.0,113.45,642.64,3441.56,2550.97,890.59,EUR
20250707,1,7,4,11,2,INV781598,4,44.51,162.75,787.76,6456.24,3413.51,3042.73,EUR
20240801,29,2,3,10,2,INV514909,2,16.0,79.59,78.59,1194.85,755.01,439.84,EUR
20250514,1,1,3,4,2,INV437546,5,26.42,172.27,834.92,3716.45,2473.41,1243.04,EUR
20240413,8,25,1,11,3,INV950526,2,28.67,151.75,450.27,3900.4,2326.99,1573.41,EUR
20240519,35,9,4,8,3,INV680212,2,48.11,107.93,764.67,4427.84,2505.07,1922.77,EUR
20240312,24,14,3,2,2,INV991114,2,11.6,16.33,29.24,160.19,98.42,61.77,EUR
20250302,32,2,4,4,1,INV195012,1,29.08,197.51,825.51,4918.08,3487.35,1430.73,EUR
20240416,38,11,3,12,1,INV126803,5,13.0,49.06,14.55,623.23,347.2,276.03,EUR
20251202,4,8,4,8,3,INV180922,4,1.41,190.1,26.03,242.01,166.82,75.19,EUR
20240804,2,14,1,13,3,INV708918,2,44.08,180.27,455.79,7490.51,5811.61,1678.9,EUR
20250613,9,2,4,3,1,INV510154,2,41.58,95.27,548.86,3412.47,1836.23,1576.24,EUR
20250317,36,9,4,4,1,INV477682,3,3.97,90.67,23.65,336.31,181.72,154.59,EUR
20251107,39,1,3,12,1,INV503271,4,31.59,32.73,5.01,1028.93,653.46,375.47,EUR
20240611,3,20,3,8,3,INV952181,5,2.11,54.49,15.99,98.98,70.33,28.65,EUR
20240112,35,4,4,9,3,INV375831,3,16.77,72.06,170.16,1038.29,830.29,208.0,EUR
20251214,35,25,1,14,3,INV568988,3,15.43,45.24,135.39,562.66,325.27,237.39,EUR
20251013,24,29,1,6,3,INV798331,3,21.57,161.54,195.55,3288.87,2200.89,1087.98,EUR
20240627,4,4,4,11,2,INV937699,3,30.47,123.38,182.51,3576.88,2780.76,796.12,EUR
20240125,5,8,3,14,3,INV182248,3,43.78,76.33,420.49,2921.24,1506.33,1414.91,EUR
20251007,31,1,1,14,2,INV921483,3,47.72,78.28,387.86,3347.66,1679.41,1668.25,EUR
20240220,1,2,3,1,1,INV407116,4,13.49,78.17,131.45,923.06,568.16,354.9,EUR
20240804,19,24,4,6,1,INV478831,4,1.93,198.77,42.32,341.31,232.6,108.71,EUR
20241015,26,14,2,6,2,INV542553,1,5.07,46.56,1.87,234.19,150.15,84.04,EUR
20241205,6,3,1,3,3,INV211953,4,18.29,139.44,190.19,2360.17,1574.38,785.79,EUR
20240430,24,19,3,10,1,INV423250,2,6.33,188.62,104.88,1089.08,818.39,270.69,EUR
20240313,32,9,1,11,2,INV816977,3,24.57,162.75,685.19,3313.58,2621.67,691.91,EUR
20251108,25,29,2,14,1,INV756244,1,34.85,179.62,972.63,5287.13,2891.49,2395.64,EUR
20240910,8,19,4,7,2,INV160723,2,18.75,193.05,72.13,3547.56,2316.45,1231.11,EUR
20241026,18,13,4,5,2,INV898050,5,30.74,154.23,238.28,4502.75,2667.85,1834.9,EUR
20251111,35,8,2,9,1,INV192293,2,43.33,130.22,306.79,5335.64,3861.74,1473.9,EUR
20251128,18,25,4,12,3,INV956708,2,39.28,96.94,546.07,3261.73,2588.97,672.76,EUR
20240404,18,30,3,9,3,INV420601,1,44.56,119.14,328.66,4980.22,2997.73,1982.49,EUR
20250711,17,29,4,4,3,INV262180,3,28.46,170.17,487.34,4355.7,2909.8,1445.9,EUR
20251021,31,25,2,8,2,INV798434,4,21.49,58.38,143.57,1111.02,863.9,247.12,EUR
20250408,34,2,3,4,2,INV998072,2,18.18,116.95,363.57,1762.58,1121.66,640.92,EUR
20250309,9,28,4,5,2,INV556358,4,22.19,141.9,252.08,2896.68,1498.2,1398.48,EUR
20250917,6,19,1,10,1,INV482500,2,19.65,58.09,78.19,1063.28,741.47,321.81,EUR
20250917,14,4,4,7,3,INV620321,1,27.02,77.46,314.79,1778.18,1127.81,650.37,EUR
20250811,8,1,3,14,3,INV557253,2,40.03,149.4,780.0,5200.48,3886.17,1314.31,EUR
20250301,32,2,3,14,2,INV923233,4,24.4,101.45,408.38,2067.0,1102.32,964.68,EUR
20240204,23,26,4,14,2,INV158096,2,48.49,199.24,1448.92,8212.23,5823.81,2388.42,EUR
20250103,24,10,3,10,2,INV137519,5,34.91,176.83,395.96,5777.18,4296.33,1480.85,EUR
20240515,24,13,2,8,2,INV380091,5,14.19,73.96,70.7,978.79,685.87,292.92,EUR
20250429,25,27,4,4,1,INV968300,3,34.8,194.6,4.37,6767.71,5220.64,1547.07,EUR
20241207,2,19,3,4,1,INV819140,4,8.87,186.42,155.48,1498.07,986.32,511.75,EUR
20251224,10,16,4,10,2,INV804906,5,44.16,104.62,874.81,3745.21,2496.54,1248.67,EUR
20241006,11,24,4,14,2,INV123960,2,21.08,90.5,232.79,1674.95,853.11,821.84,EUR
20251013,12,25,4,7,3,INV421107,3,27.51,131.87,558.87,3068.87,2420.49,648.38,EUR
20241019,13,23,3,1,1,INV605357,5,41.72,162.37,585.76,6188.32,3509.89,2678.43,EUR
20250522,30,22,3,3,2,INV614822,1,21.58,64.71,277.89,1118.55,756.06,362.49,EUR
20250202,13,22,4,10,2,INV122761,4,40.34,75.19,106.73,2926.43,1494.89,1431.54,EUR
20250201,39,3,3,7,3,INV599575,5,4.04,128.73,14.76,505.31,260.76,244.55,EUR
20251116,3,1,1,4,1,INV890851,3,41.42,120.11,140.71,4834.25,3790.45,1043.8,EUR
20250506,20,8,2,14,2,INV702111,2,38.14,62.95,135.13,2265.78,1508.24,757.54,EUR
20240402,25,22,3,10,3,INV223546,1,32.6,43.16,238.36,1168.66,731.77,436.89,EUR
20240926,3,8,1,2,3,INV263252,5,23.65,123.92,55.35,2875.36,1812.61,1062.75,EUR
20241231,38,12,1,2,3,INV252132,1,40.68,167.02,764.89,6029.48,4653.43,1376.05,EUR
20240301,24,20,4,7,3,INV553732,5,13.44,51.2,130.39,557.74,327.41,230.33,EUR
20240712,36,22,2,12,2,INV474600,3,44.44,110.68,295.03,4623.59,2647.93,1975.66,EUR
20250505,16,10,3,1,3,INV355475,1,41.0,148.9,1067.38,5037.52,3236.45,1801.07,EUR
20240519,6,15,2,14,1,INV520511,2,18.53,190.27,232.7,3293.0,1841.97,1451.03,EUR
20250310,29,20,2,5,3,INV764469,3,34.1,143.56,240.93,4654.47,2977.72,1676.75,EUR
20250208,36,23,4,13,3,INV611092,5,44.37,149.42,1166.42,5463.35,3594.61,1868.74,EUR
20241001,39,3,2,14,3,INV557388,4,9.12,102.64,48.14,887.94,654.0,233.94,EUR
20250127,40,3,1,5,1,INV564638,4,35.54,172.82,203.17,5938.85,3641.38,2297.47,EUR
20250927,25,11,2,14,3,INV395382,1,37.44,102.35,56.95,3775.03,2469.39,1305.64,EUR
20240524,2,10,1,5,1,INV838580,1,23.55,29.43,9.57,683.51,463.79,219.72,EUR
20241013,16,26,2,8,1,INV288777,4,18.86,110.53,41.56,2043.04,1401.72,641.32,EUR
20240815,23,11,1,2,3,INV319690,3,11.24,21.99,3.93,243.24,186.0,57.24,EUR
20241127,33,10,3,7,2,INV984310,2,47.77,27.41,57.32,1252.06,647.64,604.42,EUR
